0   1557693593.616449
0   1557693593.6319342
0   1557693593.6561818
0   1557693593.6716566
0   1557693593.6880078
0   1557693593.7059455
0   1557693593.722025
0   1557693593.7382674
0   1557693593.7577455
0   1557693593.780097
0   1557693593.7959254
0   1557693593.8119576
0   1557693593.828268
0   1557693593.8453538
0   1557693593.867268
0   1557693593.8825228
0   1557693593.8992229
0   1557693593.9165149
0   1557693593.9313586
0   1557693593.9488125
0   1557693593.9666793
0   1557693593.9826996
0   1557693593.998164
0   1557693594.0165298
0   1557693594.031164
0   1557693594.047871
0   1557693594.0663693
0   1557693594.08256
0   1557693594.0982049
0   1557693594.1157017
0   1557693594.1315186
0   1557693594.151259
0   1557693594.1691105
0   1557693594.1861007
0   1557693594.2013874
0   1557693594.2186134
0   1557693594.233646
0   1557693594.2516913
0   1557693594.2736344
0   1557693594.2901032
0   1557693594.3062134
0   1557693594.3242726
0   1557693594.339153
0   1557693594.3566196
0   1557693594.3744893
0   1557693594.3902357
0   1557693594.406181
0   1557693594.422209
0   1557693594.4385097
0   1557693594.4566886
0   1557693594.4725146
0   1557693594.4886043
0   1557693594.5057504
0   1557693594.5220652
0   1557693594.5375736
0   1557693594.5562055
0   1557693594.572767
0   1557693594.5894103
0   1557693594.6051257
0   1557693594.6226742
0   1557693594.6383197
0   1557693594.659077
0   1557693594.6806161
0   1557693594.6975977
0   1557693594.712282
0   1557693594.7292666
0   1557693594.7463138
0   1557693594.76265
0   1557693594.7846117
0   1557693594.8062627
0   1557693594.8284194
0   1557693594.8493962
0   1557693594.87267
0   1557693594.889935
0   1557693594.9061937
0   1557693594.9206195
0   1557693594.9391117
0   1557693594.9559376
0   1557693594.9713318
0   1557693594.9880545
0   1557693595.005993
0   1557693595.0205083
0   1557693595.0376775
0   1557693595.0543914
0   1557693595.0761437
0   1557693595.092311
0   1557693595.1086311
0   1557693595.1257842
0   1557693595.1423726
0   1557693595.1620352
0   1557693595.180394
0   1557693595.196361
0   1557693595.2116427
0   1557693595.2274501
0   1557693595.2462306
0   1557693595.2620258
0   1557693595.2781527
0   1557693595.296418
0   1557693595.312744
0   1557693595.3282168
0   1557693595.345835
0   1557693595.3628087
0   1557693595.3792863
0   1557693595.39614
0   1557693595.4113674
0   1557693595.4280462
0   1557693595.4459414
0   1557693595.4613504
0   1557693595.4814682
0   1557693595.4994304
0   1557693595.5159981
0   1557693595.530377
0   1557693595.5493395
0   1557693595.5665479
0   1557693595.5818355
0   1557693595.5987973
0   1557693595.6166039
0   1557693595.6312425
0   1557693595.6526906
0   1557693595.6700616
0   1557693595.686328
0   1557693595.702277
0   1557693595.7184763
0   1557693595.7352664
0   1557693595.7535977
0   1557693595.768596
0   1557693595.7905219
0   1557693595.8080485
0   1557693595.8226016
0   1557693595.8395166
0   1557693595.8579147
0   1557693595.8785343
0   1557693595.8942144
0   1557693595.9114943
0   1557693595.9280107
0   1557693595.944459
0   1557693595.9613693
0   1557693595.9777527
0   1557693595.9943619
0   1557693596.011152
0   1557693596.026724
0   1557693596.042384
0   1557693596.060513
0   1557693596.0773926
0   1557693596.0918162
0   1557693596.1093428
0   1557693596.1260288
0   1557693596.1417694
0   1557693596.1614969
0   1557693596.1791027
0   1557693596.1942644
0   1557693596.212038
0   1557693596.2275507
0   1557693596.2452505
0   1557693596.2618797
0   1557693596.2827747
0   1557693596.2998357
0   1557693596.3178284
0   1557693596.3324518
0   1557693596.3487043
0   1557693596.367313
0   1557693596.382409
0   1557693596.3980112
0   1557693596.4161782
0   1557693596.4314618
0   1557693596.4481604
0   1557693596.4653435
0   1557693596.4819002
0   1557693596.4977984
0   1557693596.516059
0   1557693596.5305626
0   1557693596.5483603
0   1557693596.5667412
0   1557693596.582027
0   1557693596.597602
0   1557693596.6165187
0   1557693596.631201
0   1557693596.6476767
0   1557693596.6736846
0   1557693596.690125
0   1557693596.7060468
0   1557693596.7224681
0   1557693596.7394567
0   1557693596.7573225
0   1557693596.7725592
0   1557693596.7942295
0   1557693596.81078
0   1557693596.8276515
0   1557693596.8432112
0   1557693596.8611948
0   1557693596.8819518
0   1557693596.901963
0   1557693596.9272256
0   1557693596.9442163
0   1557693596.9604807
0   1557693596.9777184
0   1557693596.995137
0   1557693597.0094888
0   1557693597.027321
0   1557693597.0422218
0   1557693597.0605
0   1557693597.0804656
0   1557693597.0974882
0   1557693597.1119292
0   1557693597.1306415
0   1557693597.146517
0   1557693597.166747
0   1557693597.1843703
0   1557693597.2000856
0   1557693597.2157958
0   1557693597.2330651
0   1557693597.2502449
0   1557693597.2679682
0   1557693597.2844691
0   1557693597.2999551
0   1557693597.3167615
0   1557693597.3343797
0   1557693597.3493254
0   1557693597.3667765
0   1557693597.384371
0   1557693597.4001567
0   1557693597.415694
0   1557693597.432003
0   1557693597.449155
0   1557693597.4657495
0   1557693597.486762
0   1557693597.502293
0   1557693597.5187364
0   1557693597.5367293
0   1557693597.5541627
0   1557693597.5712097
0   1557693597.5878031
0   1557693597.6073124
0   1557693597.6218421
0   1557693597.6406407
0   1557693597.6602669
0   1557693597.676615
0   1557693597.6919723
0   1557693597.7092597
0   1557693597.7245429
0   1557693597.741636
0   1557693597.7582188
0   1557693597.7759476
0   1557693597.7913842
0   1557693597.8125026
0   1557693597.8293116
0   1557693597.8471155
0   1557693597.8623042
0   1557693597.882397
0   1557693597.9001708
0   1557693597.9166338
0   1557693597.931208
0   1557693597.9502578
0   1557693597.9673467
0   1557693597.9825253
0   1557693597.9991143
0   1557693598.0142977
0   1557693598.0306237
0   1557693598.0475938
0   1557693598.0650573
0   1557693598.0806127
0   1557693598.0981455
0   1557693598.1126645
0   1557693598.1290922
0   1557693598.146617
0   1557693598.1671298
0   1557693598.1817534
0   1557693598.2001712
