0   1557693679.6380851
0   1557693679.6561735
0   1557693679.6732187
0   1557693679.6900375
0   1557693679.7077527
0   1557693679.7475832
1   1557693679.799472
2   1557693679.8443997
5   1557693679.9024687
7   1557693679.946679
9   1557693679.9942913
11   1557693680.0362554
13   1557693680.0896776
16   1557693680.1580749
18   1557693680.2002668
19   1557693680.2353225
21   1557693680.277663
23   1557693680.3218455
25   1557693680.364269
26   1557693680.4051006
29   1557693680.4602127
30   1557693680.5001907
33   1557693680.5558455
34   1557693680.590542
36   1557693680.6301906
37   1557693680.6678696
39   1557693680.7047422
41   1557693680.7472534
42   1557693680.784385
44   1557693680.8171947
45   1557693680.849229
46   1557693680.8842082
48   1557693680.933195
50   1557693680.9705017
52   1557693681.007887
53   1557693681.051941
55   1557693681.0885289
57   1557693681.134674
58   1557693681.1724656
60   1557693681.2104306
62   1557693681.2559795
63   1557693681.2824924
65   1557693681.3174553
66   1557693681.3524454
68   1557693681.3880515
69   1557693681.4300673
71   1557693681.4727275
73   1557693681.5071535
74   1557693681.5375223
75   1557693681.5693083
77   1557693681.606727
78   1557693681.6441996
80   1557693681.6783893
81   1557693681.7071166
83   1557693681.7461166
85   1557693681.7842717
86   1557693681.8145826
88   1557693681.85225
89   1557693681.8842542
91   1557693681.9220881
92   1557693681.9484675
94   1557693681.9866674
95   1557693682.017548
97   1557693682.060207
98   1557693682.096773
100   1557693682.142338
103   1557693682.2005813
105   1557693682.2427032
106   1557693682.2743266
108   1557693682.3104484
109   1557693682.3481293
111   1557693682.3892498
113   1557693682.4286778
115   1557693682.4719198
116   1557693682.5111034
118   1557693682.5491388
119   1557693682.5823772
121   1557693682.6207414
123   1557693682.6620758
124   1557693682.6986842
126   1557693682.736402
127   1557693682.765225
129   1557693682.8005662
131   1557693682.8431864
132   1557693682.8750873
133   1557693682.9077616
135   1557693682.9465716
136   1557693682.9745111
137   1557693683.003085
139   1557693683.028601
140   1557693683.0636752
141   1557693683.0887458
143   1557693683.1219244
144   1557693683.150426
145   1557693683.1822765
147   1557693683.2153914
148   1557693683.2503848
149   1557693683.2779372
151   1557693683.3114207
152   1557693683.3471391
154   1557693683.3747501
155   1557693683.4128146
157   1557693683.4445035
158   1557693683.4777093
160   1557693683.5167575
161   1557693683.54919
163   1557693683.5832367
165   1557693683.6305606
166   1557693683.6601956
168   1557693683.6943908
169   1557693683.7291324
171   1557693683.7631643
172   1557693683.7890704
173   1557693683.8162775
174   1557693683.8425004
175   1557693683.8771775
177   1557693683.9104142
178   1557693683.9426503
179   1557693683.9687722
