0   1557693510.0042553
0   1557693510.0246413
0   1557693510.0419805
0   1557693510.0607688
0   1557693510.108066
1   1557693510.1540968
3   1557693510.2046058
4   1557693510.2587197
4   1557693510.290128
4   1557693510.3119493
4   1557693510.3285801
4   1557693510.3542044
4   1557693510.3715134
4   1557693510.3916798
5   1557693510.438221
6   1557693510.4770513
8   1557693510.5187495
10   1557693510.5612159
11   1557693510.5946937
13   1557693510.6324878
15   1557693510.669796
16   1557693510.7098033
18   1557693510.7481093
20   1557693510.783148
22   1557693510.830348
23   1557693510.8693278
25   1557693510.916468
26   1557693510.946113
28   1557693510.9793034
29   1557693511.014624
31   1557693511.053191
32   1557693511.090468
34   1557693511.128794
36   1557693511.1653757
37   1557693511.2002077
39   1557693511.2417905
40   1557693511.2787952
42   1557693511.3076756
43   1557693511.3385208
44   1557693511.3724208
46   1557693511.4131737
47   1557693511.4443731
49   1557693511.4824736
50   1557693511.5145316
52   1557693511.5483072
53   1557693511.5783632
55   1557693511.6411457
57   1557693511.6818848
58   1557693511.7116363
59   1557693511.741996
61   1557693511.7761405
62   1557693511.809835
64   1557693511.8480294
65   1557693511.894638
67   1557693511.9213572
68   1557693511.9575331
69   1557693511.9860947
71   1557693512.0280628
73   1557693512.0657804
74   1557693512.1012313
75   1557693512.1313536
77   1557693512.1673985
78   1557693512.1957653
79   1557693512.2204611
81   1557693512.2553475
82   1557693512.2877276
83   1557693512.3131826
84   1557693512.3399901
86   1557693512.3742094
87   1557693512.408283
88   1557693512.4462304
90   1557693512.4775078
90   1557693512.4980614
92   1557693512.5294673
93   1557693512.5620134
94   1557693512.5886378
95   1557693512.618498
97   1557693512.6473887
98   1557693512.6776252
99   1557693512.6996562
100   1557693512.731754
102   1557693512.7663057
103   1557693512.7970874
104   1557693512.8351161
106   1557693512.8685462
108   1557693512.9067621
109   1557693512.9387546
110   1557693512.966777
111   1557693512.9942877
112   1557693513.0287895
114   1557693513.0682454
115   1557693513.0947847
117   1557693513.132634
118   1557693513.161509
119   1557693513.1952088
121   1557693513.2316298
122   1557693513.26252
123   1557693513.291471
125   1557693513.320191
126   1557693513.348634
128   1557693513.3893528
129   1557693513.4180553
130   1557693513.4490702
132   1557693513.4787958
133   1557693513.501731
134   1557693513.527328
135   1557693513.558233
137   1557693513.6046176
139   1557693513.6387184
140   1557693513.6624918
142   1557693513.7002158
143   1557693513.7383616
145   1557693513.768639
146   1557693513.7991881
147   1557693513.8224201
148   1557693513.8591704
150   1557693513.8911705
151   1557693513.9157038
152   1557693513.9442532
153   1557693513.9730904
154   1557693514.0004287
155   1557693514.0228043
156   1557693514.0506535
158   1557693514.0774198
159   1557693514.1072922
161   1557693514.1462815
162   1557693514.1732347
163   1557693514.2011302
164   1557693514.2294497
166   1557693514.258298
167   1557693514.2901294
168   1557693514.319861
170   1557693514.3512218
171   1557693514.3794403
173   1557693514.4186082
174   1557693514.4572089
176   1557693514.4831681
177   1557693514.5212884
179   1557693514.555968
