0   1557866195.4269347
0   1557866195.444052
0   1557866195.4603093
0   1557866195.4919858
1   1557866195.5399873
2   1557866195.5884678
6   1557866195.656774
7   1557866195.7010136
9   1557866195.7484572
11   1557866195.7935767
13   1557866195.840455
15   1557866195.8838398
17   1557866195.9229455
19   1557866195.9567668
21   1557866196.000456
23   1557866196.0495427
25   1557866196.0901773
28   1557866196.1643097
30   1557866196.2121124
32   1557866196.2578192
34   1557866196.2942984
36   1557866196.3367817
38   1557866196.3748944
40   1557866196.416423
42   1557866196.4596798
44   1557866196.5036256
45   1557866196.544938
47   1557866196.5805826
49   1557866196.6302562
51   1557866196.6778991
53   1557866196.7181144
54   1557866196.750071
55   1557866196.7864223
57   1557866196.8289595
59   1557866196.8776927
61   1557866196.9146805
63   1557866196.9545155
64   1557866196.9997215
67   1557866197.052271
68   1557866197.0844414
70   1557866197.1246865
71   1557866197.1526754
72   1557866197.1824129
73   1557866197.212366
74   1557866197.244201
76   1557866197.2799263
77   1557866197.3109736
79   1557866197.346764
80   1557866197.3822825
82   1557866197.4147406
83   1557866197.4534996
85   1557866197.4907458
86   1557866197.5282218
87   1557866197.5582192
89   1557866197.591149
90   1557866197.621133
92   1557866197.6730528
94   1557866197.708883
95   1557866197.7438657
97   1557866197.7734601
98   1557866197.8077803
99   1557866197.84384
101   1557866197.8800929
102   1557866197.9142535
104   1557866197.9504886
105   1557866197.9783103
106   1557866198.019758
108   1557866198.0601792
109   1557866198.0899243
111   1557866198.123571
112   1557866198.1540508
114   1557866198.1942215
115   1557866198.2415204
117   1557866198.2768717
118   1557866198.303593
120   1557866198.3348303
121   1557866198.370984
123   1557866198.4035041
124   1557866198.4359114
126   1557866198.4737394
127   1557866198.5068963
129   1557866198.538056
130   1557866198.5703495
132   1557866198.601863
133   1557866198.6300669
135   1557866198.6709008
136   1557866198.7020433
137   1557866198.7302775
139   1557866198.7607472
140   1557866198.7887866
141   1557866198.8181462
142   1557866198.8548365
144   1557866198.8845367
145   1557866198.914487
146   1557866198.9422038
147   1557866198.9704711
148   1557866198.9950764
150   1557866199.029938
151   1557866199.0597265
153   1557866199.0846717
154   1557866199.1169477
155   1557866199.1501372
157   1557866199.1806526
158   1557866199.213099
159   1557866199.2410996
161   1557866199.2836971
162   1557866199.306425
163   1557866199.3349056
164   1557866199.368511
166   1557866199.3991199
167   1557866199.431084
168   1557866199.4590342
169   1557866199.4909003
171   1557866199.5281396
172   1557866199.5551488
173   1557866199.58378
174   1557866199.613425
174   1557866199.6430666
176   1557866199.6920178
176   1557866199.7244036
177   1557866199.752563
178   1557866199.7823267
178   1557866199.8118293
179   1557866199.8407307
179   1557866199.8641284
181   1557866200.397779
