0   1557866030.6300793
0   1557866030.6479905
0   1557866030.6640308
0   1557866030.6938474
0   1557866030.742294
2   1557866030.7944884
4   1557866030.8418941
6   1557866030.889504
8   1557866030.938256
10   1557866030.9844904
12   1557866031.0318484
14   1557866031.0705311
16   1557866031.1198475
18   1557866031.1729555
20   1557866031.2166367
22   1557866031.2604501
24   1557866031.3040528
26   1557866031.346661
28   1557866031.3986309
30   1557866031.4490356
32   1557866031.4870005
34   1557866031.528521
36   1557866031.57422
37   1557866031.6100476
39   1557866031.6501157
41   1557866031.6889508
42   1557866031.7263682
44   1557866031.7635872
46   1557866031.8123906
48   1557866031.8604264
49   1557866031.8937607
51   1557866031.936882
53   1557866031.9797025
55   1557866032.0247414
57   1557866032.0603335
59   1557866032.1050925
60   1557866032.1447065
62   1557866032.1824923
63   1557866032.2195969
65   1557866032.2594373
66   1557866032.2887528
67   1557866032.3201451
69   1557866032.3637
71   1557866032.404466
72   1557866032.4368064
74   1557866032.470854
75   1557866032.5021503
77   1557866032.5401163
78   1557866032.5686376
79   1557866032.5958064
80   1557866032.634031
82   1557866032.6723158
83   1557866032.7036939
84   1557866032.733528
86   1557866032.7735062
87   1557866032.8058143
89   1557866032.8385575
90   1557866032.8707774
91   1557866032.9043624
93   1557866032.9391375
94   1557866032.9710507
95   1557866033.0047913
97   1557866033.040459
98   1557866033.0725465
100   1557866033.1087263
101   1557866033.1502864
103   1557866033.189871
104   1557866033.2197757
105   1557866033.2504165
107   1557866033.278843
108   1557866033.3068063
109   1557866033.3407037
111   1557866033.3785808
112   1557866033.422397
114   1557866033.4543395
115   1557866033.4835677
116   1557866033.5129473
117   1557866033.5437756
119   1557866033.5896113
121   1557866033.6263664
122   1557866033.6541553
123   1557866033.6920395
125   1557866033.7290661
127   1557866033.7683413
128   1557866033.7984793
129   1557866033.8250337
131   1557866033.8636389
133   1557866033.9124663
135   1557866033.9547322
137   1557866033.9962697
138   1557866034.0320115
140   1557866034.067007
141   1557866034.0990102
143   1557866034.1310906
145   1557866034.1688926
146   1557866034.198125
147   1557866034.2238703
149   1557866034.2596636
150   1557866034.290003
151   1557866034.320501
153   1557866034.3515193
154   1557866034.3878784
156   1557866034.4299688
157   1557866034.458767
158   1557866034.4864664
160   1557866034.5217228
162   1557866034.554748
163   1557866034.5830257
164   1557866034.6149335
166   1557866034.6489754
167   1557866034.6751537
168   1557866034.7106404
170   1557866034.7444386
171   1557866034.7806482
173   1557866034.8140545
174   1557866034.8409657
175   1557866034.8671014
176   1557866034.8949547
177   1557866034.9300845
178   1557866034.9669075
179   1557866034.9966695
179   1557866035.0320845
181   1557866035.5718017
