0   1557866915.5987525
0   1557866915.616393
0   1557866915.6325235
0   1557866915.6637752
0   1557866915.7111554
2   1557866915.764554
5   1557866915.8250208
7   1557866915.8838449
9   1557866915.9244397
11   1557866915.964022
12   1557866916.0041513
14   1557866916.0636284
16   1557866916.1081567
19   1557866916.1618798
20   1557866916.1965275
21   1557866916.2326803
23   1557866916.2804103
25   1557866916.326634
27   1557866916.3630533
28   1557866916.4000144
30   1557866916.4396453
32   1557866916.4880164
34   1557866916.5367978
35   1557866916.5681422
36   1557866916.596691
38   1557866916.6345084
40   1557866916.6782255
41   1557866916.718548
43   1557866916.756525
45   1557866916.7991056
46   1557866916.8364844
47   1557866916.869875
49   1557866916.9042842
51   1557866916.9530053
53   1557866916.9905283
55   1557866917.0440416
56   1557866917.0844605
58   1557866917.1196597
60   1557866917.1601288
61   1557866917.1945286
63   1557866917.234807
64   1557866917.2745333
66   1557866917.3145154
67   1557866917.3534973
69   1557866917.388098
71   1557866917.427563
72   1557866917.4607792
73   1557866917.4926708
75   1557866917.5248847
76   1557866917.557016
78   1557866917.5906126
79   1557866917.622392
81   1557866917.652865
82   1557866917.6820216
83   1557866917.7184606
85   1557866917.760034
87   1557866917.7924356
88   1557866917.824976
90   1557866917.8610024
93   1557866917.924192
94   1557866917.9598114
96   1557866917.9979632
98   1557866918.0489562
100   1557866918.0798867
101   1557866918.1089282
103   1557866918.1543057
104   1557866918.1903162
106   1557866918.229095
107   1557866918.2622075
109   1557866918.303577
111   1557866918.3418198
112   1557866918.3841035
114   1557866918.4198387
116   1557866918.4563367
117   1557866918.4890215
118   1557866918.5204568
120   1557866918.5599058
122   1557866918.5989685
123   1557866918.6329045
125   1557866918.665107
126   1557866918.6979015
127   1557866918.7298586
129   1557866918.766456
130   1557866918.7982872
132   1557866918.8316379
133   1557866918.8642735
134   1557866918.8884847
135   1557866918.9188418
137   1557866918.95662
138   1557866918.9857788
140   1557866919.0148492
141   1557866919.0515332
142   1557866919.0750396
144   1557866919.1064816
145   1557866919.1426659
146   1557866919.1696963
147   1557866919.2001288
149   1557866919.2338955
150   1557866919.2620974
152   1557866919.300355
153   1557866919.3325481
155   1557866919.370628
156   1557866919.3969202
157   1557866919.42426
158   1557866919.4577935
160   1557866919.487869
161   1557866919.5145864
162   1557866919.5488224
163   1557866919.5738263
164   1557866919.6049085
166   1557866919.6349306
167   1557866919.6679978
168   1557866919.6982567
169   1557866919.7301035
170   1557866919.765092
170   1557866919.7989323
171   1557866919.824987
171   1557866919.8588467
172   1557866919.8895042
173   1557866919.9217894
173   1557866919.9671116
174   1557866920.013475
175   1557866920.0544987
175   1557866920.0918405
176   1557866920.1281772
176   1557866920.1706166
176   1557866920.2068775
177   1557866920.2499018
177   1557866920.2897801
177   1557866920.3419535
178   1557866920.3808787
178   1557866920.4170802
178   1557866920.4520364
178   1557866920.4995372
178   1557866920.5447612
178   1557866920.5828385
179   1557866920.6220107
179   1557866920.6547625
179   1557866920.6723645
179   1557866920.6891608
179   1557866920.7048345
179   1557866920.72427
179   1557866920.7404459
179   1557866920.7565622
179   1557866920.7744224
179   1557866920.791024
179   1557866920.8077474
179   1557866920.830036
179   1557866920.8751612
179   1557866920.9202676
179   1557866920.9742353
179   1557866921.0169609
179   1557866921.0341353
179   1557866921.0517175
179   1557866921.0710847
179   1557866921.087762
179   1557866921.1185815
179   1557866921.1542354
179   1557866921.1885586
180   1557866921.2330904
180   1557866921.282442
180   1557866921.3090265
180   1557866921.3281062
180   1557866921.3425312
180   1557866921.3641078
180   1557866921.3805726
180   1557866921.396535
180   1557866921.41316
180   1557866921.4318547
180   1557866921.951038
