0   1557866677.1463995
0   1557866677.1622705
0   1557866677.1788144
0   1557866677.2121844
0   1557866677.2548048
2   1557866677.30255
4   1557866677.3449507
6   1557866677.3994932
8   1557866677.4500926
10   1557866677.5003052
12   1557866677.5403252
15   1557866677.5997312
17   1557866677.6424537
19   1557866677.683105
20   1557866677.7220387
22   1557866677.760056
24   1557866677.8030374
26   1557866677.846489
27   1557866677.882889
29   1557866677.9290094
31   1557866677.969942
33   1557866678.0220144
35   1557866678.0689733
37   1557866678.1141062
38   1557866678.158805
40   1557866678.1950173
42   1557866678.2443824
44   1557866678.2894723
46   1557866678.3366644
48   1557866678.3778446
50   1557866678.4243157
51   1557866678.4687872
53   1557866678.5097642
55   1557866678.5467353
56   1557866678.586494
59   1557866678.6365676
61   1557866678.6937363
63   1557866678.7524045
65   1557866678.7889726
66   1557866678.8189156
67   1557866678.8522265
69   1557866678.882273
70   1557866678.9121928
71   1557866678.9434183
73   1557866678.974522
75   1557866679.0206835
77   1557866679.0641124
78   1557866679.1000607
79   1557866679.132517
81   1557866679.1664095
82   1557866679.1946867
84   1557866679.2280629
85   1557866679.2667303
87   1557866679.3037977
88   1557866679.3381531
90   1557866679.371154
91   1557866679.4018633
93   1557866679.445137
94   1557866679.474563
96   1557866679.5125036
98   1557866679.5499008
99   1557866679.5846117
101   1557866679.6211634
103   1557866679.6604717
104   1557866679.6950378
106   1557866679.7338405
108   1557866679.765009
109   1557866679.7991545
111   1557866679.8385968
112   1557866679.8700445
114   1557866679.9008486
115   1557866679.9336655
117   1557866679.9650671
118   1557866679.9935653
120   1557866680.0389879
121   1557866680.0786602
123   1557866680.1087117
124   1557866680.1436937
126   1557866680.178286
127   1557866680.2102683
129   1557866680.2426012
130   1557866680.2729864
131   1557866680.3046508
133   1557866680.3342104
134   1557866680.3682075
135   1557866680.3949175
137   1557866680.428685
138   1557866680.4549842
139   1557866680.4878736
141   1557866680.5224764
142   1557866680.5484877
143   1557866680.5790772
144   1557866680.610901
146   1557866680.6499438
147   1557866680.6785605
148   1557866680.7035997
150   1557866680.7389014
152   1557866680.785012
153   1557866680.8225417
155   1557866680.8564012
156   1557866680.8868341
157   1557866680.9181929
158   1557866680.9442687
160   1557866680.9708233
161   1557866681.0030098
163   1557866681.0426836
164   1557866681.0845788
165   1557866681.1169367
167   1557866681.1524649
168   1557866681.18163
169   1557866681.2086709
170   1557866681.240265
171   1557866681.2716439
171   1557866681.2996707
172   1557866681.3420973
173   1557866681.369943
173   1557866681.400129
174   1557866681.4297473
174   1557866681.4669805
175   1557866681.500954
175   1557866681.5349517
175   1557866681.5650165
176   1557866681.6035118
176   1557866681.6307735
176   1557866681.6566854
177   1557866681.6918864
177   1557866681.7270124
177   1557866681.7606096
177   1557866681.8045812
177   1557866681.8365982
177   1557866681.8547993
177   1557866681.8704455
177   1557866681.8866267
177   1557866681.9046638
177   1557866681.93791
177   1557866681.9701145
178   1557866682.0082595
178   1557866682.0448456
179   1557866682.0921063
179   1557866682.1390777
179   1557866682.1547458
179   1557866682.172078
179   1557866682.187669
179   1557866682.2049363
179   1557866682.2235162
179   1557866682.2436454
179   1557866682.2605088
179   1557866682.2766817
179   1557866682.292678
179   1557866682.3103275
179   1557866682.3271031
179   1557866682.342849
179   1557866682.3603156
179   1557866682.3765008
179   1557866682.391496
179   1557866682.4090207
179   1557866682.427085
179   1557866682.44306
179   1557866682.4595716
179   1557866682.4748044
179   1557866682.4914975
179   1557866682.5090928
179   1557866682.525695
179   1557866682.5418591
179   1557866682.5583577
179   1557866682.5746493
179   1557866682.5903113
179   1557866682.6065447
179   1557866682.6263013
179   1557866682.645136
179   1557866682.6621215
179   1557866682.6798673
179   1557866682.7098122
179   1557866682.7519624
179   1557866682.7857945
180   1557866682.8199859
180   1557866682.8542492
180   1557866682.8770258
180   1557866682.8979602
180   1557866682.9187517
180   1557866682.9337687
180   1557866682.9499266
180   1557866682.9663332
180   1557866682.9826639
180   1557866682.9980931
180   1557866683.520916
