0   1557694068.34181
0   1557694068.3594317
0   1557694068.378575
0   1557694068.415384
0   1557694068.457919
2   1557694068.5184326
4   1557694068.5663714
8   1557694068.6547449
10   1557694068.7032022
12   1557694068.7463813
13   1557694068.785935
15   1557694068.8317075
17   1557694068.8801143
19   1557694068.9271648
21   1557694068.9663978
23   1557694069.01124
25   1557694069.0704951
28   1557694069.1274974
30   1557694069.1777234
32   1557694069.217921
33   1557694069.2625694
35   1557694069.292297
37   1557694069.3464417
38   1557694069.380322
40   1557694069.4201312
42   1557694069.4647071
44   1557694069.5085034
45   1557694069.5461092
47   1557694069.5902882
49   1557694069.633194
51   1557694069.678304
53   1557694069.7253313
54   1557694069.7595432
56   1557694069.7961853
58   1557694069.8362706
59   1557694069.8781137
61   1557694069.9098186
63   1557694069.9482782
64   1557694069.984379
66   1557694070.0199404
67   1557694070.0565298
68   1557694070.0903616
70   1557694070.1213684
72   1557694070.1674385
73   1557694070.2044935
75   1557694070.24199
76   1557694070.2722187
77   1557694070.3052247
78   1557694070.3326402
80   1557694070.3723595
81   1557694070.4086587
83   1557694070.4525013
85   1557694070.484773
87   1557694070.5318367
88   1557694070.5690796
90   1557694070.6076465
92   1557694070.658712
93   1557694070.6988015
95   1557694070.7367792
96   1557694070.7707448
98   1557694070.8091464
100   1557694070.8418548
101   1557694070.8746893
102   1557694070.9115074
104   1557694070.9520476
105   1557694070.98248
106   1557694071.0157335
108   1557694071.0495446
109   1557694071.0850644
111   1557694071.122783
113   1557694071.1801577
114   1557694071.2096403
116   1557694071.252488
118   1557694071.287927
119   1557694071.3244684
120   1557694071.3570657
122   1557694071.3920135
123   1557694071.422595
125   1557694071.4581013
126   1557694071.4943595
128   1557694071.5266347
129   1557694071.5596766
130   1557694071.5926495
131   1557694071.6204515
134   1557694071.6715243
135   1557694071.7002265
136   1557694071.7367365
137   1557694071.7680156
139   1557694071.7976635
140   1557694071.8253708
141   1557694071.8567386
142   1557694071.8841677
143   1557694071.9107673
144   1557694071.9398468
145   1557694071.9667842
147   1557694071.995769
148   1557694072.0251708
149   1557694072.051999
150   1557694072.0799508
151   1557694072.112538
153   1557694072.1402533
154   1557694072.1766865
156   1557694072.210602
157   1557694072.238186
158   1557694072.2665868
159   1557694072.297771
161   1557694072.3276546
162   1557694072.3579812
163   1557694072.3926718
164   1557694072.4180765
165   1557694072.448749
167   1557694072.4802399
168   1557694072.516287
169   1557694072.5475678
170   1557694072.582531
170   1557694072.612326
171   1557694072.6580005
172   1557694072.691812
172   1557694072.7204092
173   1557694072.7486439
174   1557694072.7794833
174   1557694072.8079498
175   1557694072.8363285
175   1557694072.8717685
176   1557694072.9211671
176   1557694072.9612978
176   1557694073.005973
176   1557694073.0365853
177   1557694073.0778499
177   1557694073.1202717
177   1557694073.1675332
178   1557694073.2117105
178   1557694073.2750926
179   1557694073.3243544
179   1557694073.3650663
179   1557694073.4126527
179   1557694073.4306362
179   1557694073.4479027
179   1557694073.4664001
179   1557694073.4818904
179   1557694073.499872
179   1557694073.517413
179   1557694073.5331736
179   1557694073.5500326
179   1557694073.5700474
179   1557694073.5947456
179   1557694073.6118033
179   1557694073.6303935
179   1557694073.6572144
179   1557694073.6741378
179   1557694073.690187
179   1557694073.7076015
179   1557694073.727758
179   1557694073.7462687
179   1557694073.762037
179   1557694073.7794967
179   1557694073.8118913
179   1557694073.8499768
180   1557694073.88907
