0   1557866798.152639
0   1557866798.170158
0   1557866798.1907482
0   1557866798.2234998
0   1557866798.2636385
2   1557866798.3087096
4   1557866798.3541741
6   1557866798.3999507
8   1557866798.4386485
9   1557866798.4796517
11   1557866798.522089
13   1557866798.5641303
16   1557866798.6166387
18   1557866798.658102
19   1557866798.694206
21   1557866798.7421465
23   1557866798.7838647
25   1557866798.8234951
26   1557866798.863145
28   1557866798.8998482
30   1557866798.9466887
32   1557866798.990569
35   1557866799.0500195
36   1557866799.0824387
37   1557866799.1218941
39   1557866799.161129
41   1557866799.1950164
42   1557866799.2350433
44   1557866799.273166
46   1557866799.3207393
48   1557866799.3738253
50   1557866799.4268956
51   1557866799.460698
53   1557866799.5004678
55   1557866799.5467181
56   1557866799.5802724
58   1557866799.618734
59   1557866799.6516604
61   1557866799.689768
62   1557866799.7244842
64   1557866799.764512
66   1557866799.809668
67   1557866799.8459694
68   1557866799.8791523
70   1557866799.9142408
71   1557866799.9403896
72   1557866799.9717197
73   1557866800.004096
75   1557866800.0349123
76   1557866800.0670846
77   1557866800.0998325
79   1557866800.1344392
80   1557866800.1706676
82   1557866800.2100248
83   1557866800.2431068
84   1557866800.2740726
86   1557866800.3097944
87   1557866800.3404787
89   1557866800.3722835
90   1557866800.4017441
91   1557866800.4291263
93   1557866800.4619315
94   1557866800.4930851
96   1557866800.5419528
98   1557866800.5789282
99   1557866800.6168847
101   1557866800.6466746
102   1557866800.680217
104   1557866800.7168593
105   1557866800.7449844
106   1557866800.7770493
108   1557866800.8118382
109   1557866800.8504293
111   1557866800.8824465
112   1557866800.92189
113   1557866800.9525483
115   1557866800.9901261
116   1557866801.0204298
117   1557866801.0530686
119   1557866801.0921233
121   1557866801.1279447
122   1557866801.1603847
124   1557866801.1944509
125   1557866801.2220387
126   1557866801.2540522
127   1557866801.2879732
129   1557866801.3241122
130   1557866801.35483
132   1557866801.4001553
134   1557866801.442642
135   1557866801.4746203
137   1557866801.5074646
139   1557866801.5497777
140   1557866801.5750573
141   1557866801.606558
142   1557866801.6347427
143   1557866801.6645434
145   1557866801.6921587
146   1557866801.7205014
147   1557866801.7521253
148   1557866801.778534
150   1557866801.8124464
151   1557866801.8442388
152   1557866801.8723211
154   1557866801.9034097
156   1557866801.9398272
157   1557866801.9681768
158   1557866801.9988573
160   1557866802.032416
161   1557866802.0642545
163   1557866802.0911624
164   1557866802.1241262
166   1557866802.1596975
167   1557866802.182968
169   1557866802.2228353
170   1557866802.2495708
171   1557866802.27665
172   1557866802.3024406
173   1557866802.3366413
175   1557866802.364909
176   1557866802.3902345
177   1557866802.4239051
178   1557866802.4478664
180   1557866802.4746351
181   1557866802.5019178
182   1557866802.5390785
184   1557866802.5779884
186   1557866802.6168413
187   1557866802.642135
188   1557866802.6669462
189   1557866802.6929114
191   1557866802.723423
192   1557866802.7506902
193   1557866802.778959
194   1557866802.8045623
196   1557866802.8377717
197   1557866802.8688216
198   1557866802.8936596
199   1557866802.9243546
201   1557866802.9497724
202   1557866802.9814453
204   1557866803.0190659
205   1557866803.0477204
206   1557866803.0729706
207   1557866803.1010556
209   1557866803.1367025
210   1557866803.1683524
211   1557866803.198597
212   1557866803.2304056
214   1557866803.262975
215   1557866803.2934265
216   1557866803.3249314
218   1557866803.354374
219   1557866803.3804796
220   1557866803.4124985
221   1557866803.4404085
222   1557866803.469418
224   1557866803.5085323
226   1557866803.5502105
227   1557866803.5909557
228   1557866803.620233
230   1557866803.6499515
231   1557866803.6843255
232   1557866803.7123754
233   1557866803.7399476
235   1557866803.7686462
236   1557866803.8048255
238   1557866803.8424757
239   1557866803.872084
240   1557866803.9016244
241   1557866803.9335954
241   1557866803.9620686
242   1557866803.9949448
243   1557866804.0338438
244   1557866804.0647585
244   1557866804.0979705
245   1557866804.13043
245   1557866804.1597056
245   1557866804.2095847
245   1557866804.2466402
245   1557866804.2629297
245   1557866804.2800996
245   1557866804.2969763
245   1557866804.3129654
245   1557866804.3310041
245   1557866804.3485954
245   1557866804.3643649
245   1557866804.380431
245   1557866804.3988955
245   1557866804.4162161
245   1557866804.4322388
245   1557866804.4504583
245   1557866804.4670055
245   1557866804.4828355
245   1557866804.5000288
245   1557866804.518689
245   1557866804.5345452
245   1557866804.5516696
245   1557866804.5685418
245   1557866804.589121
245   1557866804.6091588
245   1557866804.6269467
245   1557866804.6430824
245   1557866804.6616564
245   1557866804.6777933
245   1557866804.695035
245   1557866804.7121716
245   1557866804.7362235
245   1557866804.7550995
245   1557866804.7735007
245   1557866804.788729
245   1557866804.804932
245   1557866804.8236587
245   1557866804.842408
245   1557866804.8588722
245   1557866804.8746703
245   1557866804.891658
245   1557866804.9086766
245   1557866804.924792
245   1557866804.9457805
245   1557866804.9676678
245   1557866804.997705
245   1557866805.036729
245   1557866805.0650628
245   1557866805.0889983
244   1557866805.1149905
244   1557866805.1405141
243   1557866805.1638312
243   1557866805.1845446
243   1557866805.2067087
242   1557866805.227984
242   1557866805.2500007
241   1557866805.2694747
241   1557866805.2905264
241   1557866805.312362
240   1557866805.3326905
240   1557866805.349623
240   1557866805.370505
239   1557866805.3900013
239   1557866805.4140344
239   1557866805.4320374
239   1557866805.4528694
238   1557866805.4765146
238   1557866805.4995794
237   1557866805.5236683
237   1557866805.5470324
237   1557866805.573464
236   1557866805.6069357
236   1557866805.6307101
236   1557866805.652356
235   1557866805.6721616
235   1557866805.689718
235   1557866805.7143877
234   1557866805.7406943
234   1557866805.757565
234   1557866805.7751615
234   1557866805.7940836
233   1557866805.8258615
233   1557866805.8479283
233   1557866805.866759
233   1557866805.887908
232   1557866805.9089367
232   1557866805.9321568
232   1557866805.9499912
231   1557866805.9668021
231   1557866805.989107
231   1557866806.009166
230   1557866806.0424924
230   1557866806.062083
230   1557866806.0843527
230   1557866806.1049771
230   1557866806.124383
229   1557866806.1500547
229   1557866806.1775606
229   1557866806.1948025
228   1557866806.2187612
228   1557866806.2383032
228   1557866806.2570276
228   1557866806.2749515
228   1557866806.2998095
227   1557866806.3206131
227   1557866806.3430445
227   1557866806.3648999
227   1557866806.389505
227   1557866806.4066453
227   1557866806.427855
226   1557866806.4504938
226   1557866806.4698675
226   1557866806.4904397
225   1557866806.5083742
225   1557866806.5307622
225   1557866806.5523129
225   1557866806.5711236
224   1557866806.594012
224   1557866806.6287
224   1557866806.6477792
224   1557866806.6690972
224   1557866806.7037177
224   1557866806.7263467
223   1557866806.7482743
223   1557866806.7668757
223   1557866806.786489
223   1557866806.8070703
222   1557866806.8282356
222   1557866806.844858
222   1557866806.8663168
222   1557866806.8843453
222   1557866806.9049685
221   1557866806.9280794
221   1557866806.94814
221   1557866806.9679646
221   1557866806.9886677
221   1557866807.0138197
221   1557866807.0415204
220   1557866807.064243
220   1557866807.081164
220   1557866807.1024153
220   1557866807.1221519
219   1557866807.1428308
219   1557866807.1644285
219   1557866807.182484
219   1557866807.2028916
219   1557866807.223745
219   1557866807.2422943
218   1557866807.2624147
218   1557866807.2830381
218   1557866807.3047278
218   1557866807.3246799
218   1557866807.3440933
218   1557866807.3635821
218   1557866807.3824496
218   1557866807.402004
217   1557866807.4287672
217   1557866807.4466586
217   1557866807.4666572
216   1557866807.4865446
216   1557866807.50309
216   1557866807.5225132
216   1557866807.545157
216   1557866807.5640829
216   1557866807.5817525
215   1557866807.600422
215   1557866807.6207438
215   1557866807.6467292
215   1557866807.6706042
215   1557866807.7004738
215   1557866807.7240324
215   1557866807.744517
215   1557866807.7609117
215   1557866807.7786703
214   1557866807.7982569
214   1557866807.8262858
214   1557866807.8488865
214   1557866807.866964
214   1557866807.884439
214   1557866807.9036713
213   1557866807.9224758
213   1557866807.942397
213   1557866807.9605975
212   1557866807.98216
212   1557866807.998261
212   1557866808.0164714
212   1557866808.0348907
212   1557866808.053043
212   1557866808.0724661
212   1557866808.089986
212   1557866808.1079638
212   1557866808.1279933
212   1557866808.1441195
212   1557866808.1619442
212   1557866808.1800926
212   1557866808.1963394
211   1557866808.2194588
211   1557866808.2423642
211   1557866808.2606637
211   1557866808.2789903
211   1557866808.294949
210   1557866808.3123786
210   1557866808.3326004
210   1557866808.3517632
210   1557866808.372494
210   1557866808.3923378
210   1557866808.4090884
209   1557866808.426886
209   1557866808.443115
209   1557866808.4618745
209   1557866808.4807005
209   1557866808.4962747
209   1557866808.5131078
209   1557866808.5307064
209   1557866808.5457528
209   1557866808.5623515
209   1557866808.582122
209   1557866808.5988739
209   1557866808.6218421
209   1557866808.640426
209   1557866808.6585927
209   1557866808.67425
208   1557866808.6941717
208   1557866808.7117674
208   1557866808.73236
207   1557866808.7605357
207   1557866808.7791092
207   1557866808.7967427
207   1557866808.8137455
207   1557866808.834348
207   1557866808.8506858
207   1557866808.865721
207   1557866808.8850207
207   1557866808.9009225
207   1557866808.9202983
207   1557866808.9402509
207   1557866808.9581099
207   1557866808.974944
207   1557866808.99367
206   1557866809.0124059
206   1557866809.0383773
206   1557866809.0548136
206   1557866809.0738912
205   1557866809.0949304
205   1557866809.1129432
205   1557866809.1322343
205   1557866809.1508703
205   1557866809.1662133
205   1557866809.1810129
205   1557866809.1999762
205   1557866809.217978
205   1557866809.2338612
205   1557866809.2509942
205   1557866809.2690105
205   1557866809.284617
205   1557866809.3045337
205   1557866809.3234913
205   1557866809.342433
205   1557866809.359587
204   1557866809.3740556
204   1557866809.3956804
204   1557866809.4118345
204   1557866809.4336321
204   1557866809.452128
204   1557866809.47027
203   1557866809.489129
203   1557866809.5101647
203   1557866809.53003
202   1557866809.5487535
202   1557866809.5646212
202   1557866809.580829
202   1557866809.5988264
202   1557866809.6157286
202   1557866809.631532
202   1557866809.6489043
202   1557866809.6640575
202   1557866809.6801894
202   1557866809.6963468
202   1557866809.7207823
202   1557866809.748138
202   1557866809.7708702
202   1557866809.792036
202   1557866809.8101366
202   1557866809.8421843
202   1557866809.861747
202   1557866809.8786287
201   1557866809.8966238
201   1557866809.9158218
201   1557866809.9345002
201   1557866809.9507751
201   1557866809.969031
200   1557866809.9863677
200   1557866810.0023067
200   1557866810.0219502
200   1557866810.037837
200   1557866810.0535295
200   1557866810.0698285
200   1557866810.0869296
200   1557866810.1022584
200   1557866810.1204636
200   1557866810.1370316
200   1557866810.1531136
200   1557866810.16983
200   1557866810.1868238
200   1557866810.204441
200   1557866810.2323346
200   1557866810.2547526
200   1557866810.2768154
200   1557866810.2979374
199   1557866810.3168256
199   1557866810.3349252
199   1557866810.3546774
199   1557866810.3741646
199   1557866810.3942149
199   1557866810.411837
199   1557866810.4287179
199   1557866810.445154
199   1557866810.4606545
199   1557866810.4781883
199   1557866810.4950228
199   1557866810.5165708
199   1557866810.5325904
199   1557866810.5489783
199   1557866810.5646396
199   1557866810.5819757
199   1557866810.5982146
199   1557866810.6221855
198   1557866810.6441731
198   1557866810.6623619
198   1557866810.683536
197   1557866810.70308
197   1557866810.7265177
197   1557866810.7531633
197   1557866810.7715337
197   1557866810.7865384
197   1557866810.8031018
197   1557866810.8219967
197   1557866810.839634
197   1557866810.8548496
197   1557866810.8710134
197   1557866810.8879962
197   1557866810.9108384
197   1557866810.9291332
197   1557866810.943775
197   1557866810.9619565
197   1557866810.9784997
197   1557866810.9938407
197   1557866811.0129857
197   1557866811.0402148
197   1557866811.0574913
197   1557866811.0795944
197   1557866811.096941
196   1557866811.1125236
196   1557866811.1319344
196   1557866811.1510723
196   1557866811.167492
196   1557866811.1863315
196   1557866811.2035239
196   1557866811.2207959
196   1557866811.2403238
196   1557866811.2550626
196   1557866811.2763815
196   1557866811.292026
196   1557866811.307039
196   1557866811.3277843
196   1557866811.3444424
196   1557866811.3598516
195   1557866811.3780804
195   1557866811.3940592
195   1557866811.4123569
195   1557866811.4346921
195   1557866811.4516103
195   1557866811.4679003
195   1557866811.487725
195   1557866811.5024354
195   1557866811.5197139
195   1557866811.541061
195   1557866811.5637448
195   1557866811.5830064
194   1557866811.6035984
194   1557866811.6237102
194   1557866811.6407735
194   1557866811.659028
194   1557866811.6749356
194   1557866811.6923165
194   1557866811.7079754
194   1557866811.7248273
194   1557866811.743071
194   1557866811.7585676
194   1557866811.7741816
194   1557866811.8000636
194   1557866811.829796
194   1557866811.8540204
194   1557866811.8724072
194   1557866811.890422
193   1557866811.9079149
193   1557866811.9285545
193   1557866811.9521878
193   1557866811.968092
193   1557866811.9868531
193   1557866812.0045917
193   1557866812.0298948
193   1557866812.0500445
193   1557866812.0670977
193   1557866812.0820158
193   1557866812.0990841
193   1557866812.1167738
193   1557866812.133729
193   1557866812.150423
193   1557866812.1665685
193   1557866812.1824467
193   1557866812.1996422
193   1557866812.2163432
193   1557866812.2390301
193   1557866812.25988
192   1557866812.279951
192   1557866812.2965603
192   1557866812.3164985
192   1557866812.3345625
192   1557866812.3541179
192   1557866812.3705792
192   1557866812.3865404
192   1557866812.4023583
192   1557866812.420836
192   1557866812.4365184
192   1557866812.4540575
192   1557866812.4695425
192   1557866812.4866257
192   1557866812.5023472
192   1557866812.520022
192   1557866812.5348504
192   1557866812.5530052
192   1557866812.5691612
192   1557866812.5845833
192   1557866812.6018615
192   1557866812.6204147
192   1557866812.6403403
192   1557866812.6621988
191   1557866812.6789362
191   1557866812.6949584
191   1557866812.7128959
191   1557866812.7309234
191   1557866812.7464998
191   1557866812.7637143
191   1557866812.779901
191   1557866812.7963214
191   1557866812.8125799
191   1557866812.832023
191   1557866812.8520122
191   1557866812.872488
191   1557866812.8922412
191   1557866812.9122045
191   1557866812.930052
191   1557866812.95175
191   1557866812.9694314
191   1557866812.9857376
191   1557866813.0047364
190   1557866813.0387583
190   1557866813.0565636
190   1557866813.073089
190   1557866813.0919082
190   1557866813.1085107
190   1557866813.1267333
190   1557866813.142462
190   1557866813.159537
190   1557866813.1765528
190   1557866813.1920373
190   1557866813.2070377
190   1557866813.2267485
190   1557866813.2416496
190   1557866813.2579043
190   1557866813.273715
190   1557866813.290937
190   1557866813.3063104
190   1557866813.324355
190   1557866813.3398252
190   1557866813.3570325
190   1557866813.3725705
190   1557866813.3901422
190   1557866813.4069383
190   1557866813.4337728
190   1557866813.4510615
189   1557866813.4708064
189   1557866813.4878037
189   1557866813.5050156
189   1557866813.524401
189   1557866813.5422132
189   1557866813.5577345
189   1557866813.5742228
189   1557866813.591021
189   1557866813.6077623
189   1557866813.6247044
189   1557866813.6408858
189   1557866813.6579022
189   1557866813.6743028
189   1557866813.6901112
189   1557866813.7063153
189   1557866813.7248104
189   1557866813.7410343
189   1557866813.7564912
189   1557866813.7721455
189   1557866813.790055
189   1557866813.8057396
189   1557866813.8219528
189   1557866813.843108
189   1557866813.8610058
189   1557866813.8826275
189   1557866813.902574
189   1557866813.9262815
189   1557866813.94236
189   1557866813.9628959
189   1557866813.97914
189   1557866813.9967515
189   1557866814.0129163
189   1557866814.0323422
189   1557866814.0534043
188   1557866814.072808
188   1557866814.0924184
188   1557866814.112832
188   1557866814.1337032
188   1557866814.1499336
188   1557866814.1685221
188   1557866814.1878624
188   1557866814.2051165
188   1557866814.223479
188   1557866814.2430706
188   1557866814.2603145
188   1557866814.2748456
188   1557866814.2919588
188   1557866814.3082628
188   1557866814.3264925
188   1557866814.3423946
188   1557866814.3585799
188   1557866814.374493
188   1557866814.3914986
188   1557866814.4069233
188   1557866814.4241111
188   1557866814.441713
188   1557866814.4586
188   1557866814.4751687
188   1557866814.49381
187   1557866814.5126786
187   1557866814.5323822
187   1557866814.5501006
187   1557866814.56812
187   1557866814.582882
187   1557866814.6020057
187   1557866814.6197245
187   1557866814.6449213
187   1557866814.6605234
187   1557866814.676584
187   1557866814.6937013
187   1557866814.7102704
187   1557866814.726768
187   1557866814.7435606
187   1557866814.7597668
187   1557866814.7758083
187   1557866814.7908263
187   1557866814.8086135
187   1557866814.8265543
187   1557866814.842952
187   1557866814.8585987
187   1557866814.873859
187   1557866814.8900583
187   1557866814.9070911
187   1557866814.924125
187   1557866814.9402053
187   1557866814.962889
187   1557866814.9791317
187   1557866814.9937406
187   1557866815.012913
187   1557866815.0298007
187   1557866815.0504177
187   1557866815.0651443
187   1557866815.0828393
187   1557866815.09991
187   1557866815.1188202
187   1557866815.1402488
186   1557866815.1604216
186   1557866815.1791067
186   1557866815.1964083
186   1557866815.2147906
185   1557866815.234774
185   1557866815.2526188
185   1557866815.2740173
185   1557866815.2895725
185   1557866815.3077269
185   1557866815.325018
185   1557866815.34183
185   1557866815.3583004
185   1557866815.3737545
185   1557866815.3901598
185   1557866815.4078164
185   1557866815.4242709
185   1557866815.4443436
185   1557866815.4618986
185   1557866815.4782658
185   1557866815.4926567
185   1557866815.5100286
185   1557866815.5283165
185   1557866815.5437086
185   1557866815.5598629
185   1557866815.5750468
185   1557866815.5918307
185   1557866815.6087592
185   1557866815.6244211
185   1557866815.6410363
185   1557866815.6586814
185   1557866815.6740344
185   1557866815.68954
185   1557866815.7045321
185   1557866815.7229102
185   1557866815.7396588
185   1557866815.7541387
185   1557866815.7709224
185   1557866815.7878783
185   1557866815.803167
185   1557866815.8203728
185   1557866815.8419673
185   1557866815.85702
185   1557866815.8740885
185   1557866815.889531
185   1557866815.90645
185   1557866815.923122
185   1557866815.9409068
185   1557866815.9607306
185   1557866815.9885676
185   1557866816.0080986
185   1557866816.030451
185   1557866816.0468204
185   1557866816.0624714
185   1557866816.0795534
185   1557866816.0950952
185   1557866816.110852
185   1557866816.1298814
185   1557866816.1466143
185   1557866816.1621208
185   1557866816.178503
185   1557866816.193797
185   1557866816.2100492
185   1557866816.2287314
185   1557866816.2488103
185   1557866816.2642555
185   1557866816.2816658
185   1557866816.2978976
185   1557866816.3126874
185   1557866816.3320382
185   1557866816.3480105
185   1557866816.3635662
185   1557866816.3798254
185   1557866816.396804
185   1557866816.4120228
185   1557866816.430104
185   1557866816.4446905
185   1557866816.4624019
185   1557866816.4788315
185   1557866816.4942856
185   1557866816.5108945
185   1557866816.529106
185   1557866816.5437977
185   1557866816.5597403
185   1557866816.577931
185   1557866816.5935032
185   1557866816.608634
185   1557866816.6266382
185   1557866816.6469078
185   1557866816.6626406
185   1557866816.679893
185   1557866816.6956902
185   1557866816.7123172
185   1557866816.7300665
185   1557866816.7447593
185   1557866816.7614841
185   1557866816.7790234
185   1557866816.7944865
185   1557866816.8098142
185   1557866816.8268285
185   1557866816.84389
185   1557866816.8605127
185   1557866816.8750484
185   1557866816.8937712
185   1557866816.9095213
185   1557866816.926488
185   1557866816.9443254
185   1557866816.9645145
185   1557866816.9875066
185   1557866817.0029986
185   1557866817.0264306
185   1557866817.0465841
185   1557866817.0634255
185   1557866817.0802076
185   1557866817.0982032
185   1557866817.1138701
185   1557866817.1330056
185   1557866817.1537158
185   1557866817.1735177
185   1557866817.1907897
185   1557866817.209902
185   1557866817.226358
185   1557866817.242584
185   1557866817.2581677
185   1557866817.27679
185   1557866817.2946296
184   1557866817.3141112
184   1557866817.3396535
184   1557866817.3569345
184   1557866817.3747737
184   1557866817.3918405
184   1557866817.408211
184   1557866817.4247777
184   1557866817.4465442
184   1557866817.462647
184   1557866817.478823
184   1557866817.496321
184   1557866817.5111086
184   1557866817.5287423
184   1557866817.544875
184   1557866817.5603826
184   1557866817.5766702
184   1557866817.5935774
184   1557866817.6099293
184   1557866817.6263535
184   1557866817.640925
184   1557866817.6594048
184   1557866817.674976
184   1557866817.6936648
184   1557866817.7134707
184   1557866817.7337267
184   1557866817.7516568
184   1557866817.7721732
184   1557866817.7916698
184   1557866817.8109684
183   1557866817.8290663
183   1557866817.8529387
183   1557866817.869807
183   1557866817.88581
183   1557866817.9019027
183   1557866817.9199965
183   1557866817.9348142
183   1557866817.9521616
183   1557866817.9679675
183   1557866817.9890366
183   1557866818.0056887
183   1557866818.0289366
183   1557866818.0511355
183   1557866818.0711625
183   1557866818.0929847
183   1557866818.109596
183   1557866818.1265893
183   1557866818.1420329
183   1557866818.1601186
183   1557866818.174759
183   1557866818.191106
183   1557866818.2083015
183   1557866818.2263906
183   1557866818.2409096
183   1557866818.2621858
183   1557866818.278839
183   1557866818.2946072
183   1557866818.310907
183   1557866818.329154
183   1557866818.344355
183   1557866818.3610349
183   1557866818.376808
183   1557866818.394095
183   1557866818.4103496
183   1557866818.4280446
183   1557866818.4424539
183   1557866818.4606864
183   1557866818.4756906
183   1557866818.4920416
183   1557866818.509773
183   1557866818.5280218
183   1557866818.5424435
183   1557866818.558679
183   1557866818.5757947
183   1557866818.5918655
183   1557866818.6071014
183   1557866818.6250296
183   1557866818.6419694
183   1557866818.66198
183   1557866818.6783504
183   1557866818.6938772
183   1557866818.710752
183   1557866818.7289984
183   1557866818.7438161
183   1557866818.7601588
183   1557866818.7778745
183   1557866818.793168
183   1557866818.8091273
183   1557866818.8280845
183   1557866818.8436296
183   1557866818.8598292
183   1557866818.8762007
183   1557866818.8926587
183   1557866818.9085934
183   1557866818.926844
183   1557866818.9417825
183   1557866818.9588873
183   1557866818.9743936
183   1557866818.9963355
183   1557866819.0126126
183   1557866819.0310743
183   1557866819.0510044
183   1557866819.0665135
183   1557866819.0843349
183   1557866819.099795
183   1557866819.1179671
183   1557866819.134608
183   1557866819.1519797
183   1557866819.167074
183   1557866819.1837053
183   1557866819.1989152
183   1557866819.2181237
183   1557866819.2341106
183   1557866819.2503362
183   1557866819.2648253
183   1557866819.2834272
183   1557866819.2988498
183   1557866819.3166413
183   1557866819.3324418
183   1557866819.3501236
183   1557866819.3648002
183   1557866819.382283
183   1557866819.3978133
183   1557866819.416372
183   1557866819.4322453
183   1557866819.4520597
183   1557866819.468076
183   1557866819.4857955
183   1557866819.5007555
183   1557866819.5216353
183   1557866819.5403447
183   1557866819.5595577
183   1557866819.576507
183   1557866819.5977159
183   1557866819.613106
183   1557866819.6344638
183   1557866819.6508894
183   1557866819.6698556
183   1557866819.6865177
183   1557866819.7062643
183   1557866819.7245173
183   1557866819.741146
183   1557866819.756558
183   1557866819.7724547
183   1557866819.789795
183   1557866819.806297
183   1557866819.8221784
183   1557866819.8421896
183   1557866819.8647819
182   1557866819.8828168
182   1557866819.8998408
182   1557866819.9164996
182   1557866819.934115
182   1557866819.9510832
182   1557866819.9685338
182   1557866819.9838583
182   1557866820.0068824
182   1557866820.0324488
182   1557866820.0510485
182   1557866820.066629
182   1557866820.0823321
182   1557866820.0995529
182   1557866820.122254
182   1557866820.1463928
182   1557866820.1668472
182   1557866820.1866553
182   1557866820.2044415
182   1557866820.2208672
182   1557866820.2380369
182   1557866820.2595026
182   1557866820.2747037
182   1557866820.2903512
182   1557866820.3071
182   1557866820.3247533
182   1557866820.340633
182   1557866820.3579097
182   1557866820.3725047
182   1557866820.3898544
182   1557866820.4065678
182   1557866820.4226298
182   1557866820.4395754
182   1557866820.457853
182   1557866820.4730687
182   1557866820.488717
182   1557866820.5049138
182   1557866820.5223837
182   1557866820.5389674
182   1557866820.5549808
182   1557866820.571116
182   1557866820.5880985
182   1557866820.6042836
182   1557866820.620775
182   1557866820.6379685
182   1557866820.6594503
182   1557866820.674828
182   1557866820.6902826
182   1557866820.7086103
182   1557866820.7246227
182   1557866820.7408
182   1557866820.7579768
182   1557866820.7740734
182   1557866820.7898045
182   1557866820.8068013
182   1557866820.8245845
182   1557866820.8407488
182   1557866820.859722
182   1557866820.8749573
182   1557866820.8936892
182   1557866820.9134364
182   1557866820.9310002
182   1557866820.9470637
182   1557866820.967709
181   1557866820.9843225
181   1557866821.0045989
181   1557866821.02442
181   1557866821.0399852
181   1557866821.0614917
181   1557866821.0765307
181   1557866821.0935507
181   1557866821.1097424
181   1557866821.1269717
181   1557866821.1426141
181   1557866821.1610422
181   1557866821.1764245
181   1557866821.1918788
181   1557866821.2068043
181   1557866821.2266614
181   1557866821.2410893
181   1557866821.2570813
181   1557866821.2748814
181   1557866821.290932
181   1557866821.306269
181   1557866821.3238828
181   1557866821.3403118
181   1557866821.3567078
181   1557866821.3730235
181   1557866821.3895783
181   1557866821.4049804
181   1557866821.423745
181   1557866821.4389274
181   1557866821.4589899
181   1557866821.4767454
181   1557866821.4922702
181   1557866821.507852
181   1557866821.5250793
181   1557866821.5417886
181   1557866821.5578785
181   1557866821.5740645
181   1557866821.590163
181   1557866821.6064842
181   1557866821.6243439
181   1557866821.6398635
181   1557866821.6549158
181   1557866821.6726453
181   1557866821.68903
181   1557866821.703703
181   1557866821.7209034
181   1557866821.7387938
181   1557866821.754379
181   1557866821.7697482
181   1557866821.7856925
181   1557866821.8016105
181   1557866821.819079
181   1557866821.83467
181   1557866821.8507624
181   1557866821.870735
181   1557866821.8887455
181   1557866821.903148
181   1557866821.9211662
181   1557866821.9382403
181   1557866821.9534652
181   1557866821.968627
181   1557866821.9868226
181   1557866822.0016603
181   1557866822.0287483
181   1557866822.0444999
181   1557866822.0605423
181   1557866822.0749104
181   1557866822.092403
181   1557866822.108293
181   1557866822.1263094
181   1557866822.1426284
181   1557866822.1587398
181   1557866822.174588
181   1557866822.1976624
181   1557866822.218222
181   1557866822.2411346
181   1557866822.2618966
181   1557866822.2781346
181   1557866822.2942598
181   1557866822.3119142
181   1557866822.3280687
181   1557866822.3443356
181   1557866822.3606193
181   1557866822.3767228
181   1557866822.3926427
181   1557866822.4088936
181   1557866822.4264457
181   1557866822.4426265
181   1557866822.4580607
181   1557866822.4734743
181   1557866822.4906476
181   1557866822.5067956
181   1557866822.5228317
181   1557866822.539111
181   1557866822.5563073
181   1557866822.571828
181   1557866822.5880237
181   1557866822.603772
181   1557866822.6210384
181   1557866822.6385813
181   1557866822.653092
181   1557866822.6726208
181   1557866822.6902373
181   1557866822.7065325
181   1557866822.7222378
181   1557866822.739812
181   1557866822.7562602
181   1557866822.771899
181   1557866822.7867389
181   1557866822.803634
181   1557866822.8205442
181   1557866822.8368416
181   1557866822.852412
181   1557866822.86891
181   1557866822.8846812
181   1557866822.9022806
181   1557866822.9186034
181   1557866822.934233
181   1557866822.951835
181   1557866822.9678376
181   1557866822.9821527
181   1557866822.9995687
181   1557866823.020919
181   1557866823.037935
181   1557866823.0534534
181   1557866823.0746207
181   1557866823.0902565
181   1557866823.107721
181   1557866823.1234202
181   1557866823.1416652
181   1557866823.1581514
181   1557866823.1735773
181   1557866823.1887991
181   1557866823.2070835
181   1557866823.2230048
181   1557866823.2390106
181   1557866823.2545402
181   1557866823.2719731
181   1557866823.2868133
181   1557866823.3030765
181   1557866823.319952
181   1557866823.3374712
181   1557866823.352691
181   1557866823.369042
181   1557866823.3836412
181   1557866823.4020567
181   1557866823.4187038
181   1557866823.4336927
181   1557866823.4498296
181   1557866823.4707384
181   1557866823.4851584
181   1557866823.5025616
181   1557866823.5195262
181   1557866823.536233
181   1557866823.5518112
181   1557866823.5681448
181   1557866823.5834203
181   1557866823.5995972
181   1557866823.6168423
181   1557866823.6326475
181   1557866823.6480448
181   1557866823.6663291
181   1557866823.6820054
181   1557866823.698098
181   1557866823.7141163
181   1557866823.7323384
181   1557866823.7478528
181   1557866823.763846
181   1557866823.7795527
181   1557866823.7965612
181   1557866823.8125494
181   1557866823.8300233
181   1557866823.8445046
181   1557866823.8658257
181   1557866823.880976
181   1557866823.897079
181   1557866823.9131408
181   1557866823.93241
181   1557866823.9485595
181   1557866823.9647112
181   1557866823.9802363
181   1557866823.9978886
181   1557866824.0139053
181   1557866824.0366368
181   1557866824.0523663
181   1557866824.0698638
181   1557866824.0849876
181   1557866824.1005986
181   1557866824.119089
181   1557866824.136437
181   1557866824.1520722
181   1557866824.1683369
181   1557866824.1849346
181   1557866824.200447
181   1557866824.218741
181   1557866824.234102
181   1557866824.2510395
181   1557866824.2763157
181   1557866824.298056
181   1557866824.3206925
181   1557866824.3426926
181   1557866824.3581889
181   1557866824.376423
181   1557866824.3910494
181   1557866824.4070685
181   1557866824.4241564
181   1557866824.442132
181   1557866824.4577653
181   1557866824.4738474
181   1557866824.4891078
181   1557866824.5063205
181   1557866824.5234365
181   1557866824.5399015
181   1557866824.5544462
181   1557866824.5726523
181   1557866824.5881011
181   1557866824.603476
181   1557866824.619647
181   1557866824.638642
181   1557866824.653082
181   1557866824.6739023
181   1557866824.6897838
181   1557866824.7070286
181   1557866824.7224958
181   1557866824.7404165
181   1557866824.7550118
181   1557866824.7722256
181   1557866824.7885714
181   1557866824.8038325
181   1557866824.8211331
181   1557866824.838986
181   1557866824.8540797
181   1557866824.8703384
181   1557866824.8880403
181   1557866824.9034724
181   1557866824.919532
181   1557866824.9365127
181   1557866824.9528086
181   1557866824.9691463
181   1557866824.9846802
181   1557866825.0009198
181   1557866825.0183113
181   1557866825.0435252
181   1557866825.0601964
181   1557866825.080756
181   1557866825.0979235
181   1557866825.1129103
181   1557866825.1325986
181   1557866825.1489105
181   1557866825.164653
181   1557866825.180262
181   1557866825.1970325
181   1557866825.2179983
181   1557866825.2506273
181   1557866825.2816675
181   1557866825.3131137
181   1557866825.3480752
181   1557866825.377911
181   1557866825.4069004
181   1557866825.4441848
181   1557866825.477005
181   1557866825.5137331
181   1557866825.544261
181   1557866825.5646904
181   1557866825.580436
181   1557866825.5981383
181   1557866825.6144447
181   1557866825.6310935
181   1557866825.6480305
181   1557866825.6638625
181   1557866825.6802647
181   1557866825.6975307
181   1557866825.7126222
181   1557866825.7298465
181   1557866825.7470424
181   1557866825.763482
181   1557866825.7795613
181   1557866825.7981226
181   1557866825.815105
181   1557866825.8331563
181   1557866825.8505914
181   1557866825.874238
181   1557866825.8904722
181   1557866825.9077024
181   1557866825.9248612
181   1557866825.9424562
181   1557866825.958885
181   1557866825.9745524
181   1557866825.9909012
181   1557866826.0083103
181   1557866826.0241823
181   1557866826.04469
181   1557866826.0629773
181   1557866826.078933
181   1557866826.094345
181   1557866826.1121075
181   1557866826.1302288
181   1557866826.1447997
181   1557866826.1629014
181   1557866826.1811504
181   1557866826.2031038
181   1557866826.2216191
180   1557866826.24016
180   1557866826.2570693
180   1557866826.279113
180   1557866826.2965717
180   1557866826.31684
180   1557866826.3320048
180   1557866826.3518825
180   1557866826.3735662
180   1557866826.3956714
180   1557866826.4165983
180   1557866826.4337983
180   1557866826.9519546
