0   1557693969.5192199
0   1557693969.5360312
0   1557693969.554507
0   1557693969.5723636
0   1557693969.6123796
1   1557693969.658227
3   1557693969.709302
5   1557693969.7497573
7   1557693969.8143504
9   1557693969.8577332
11   1557693969.899195
13   1557693969.9483762
15   1557693969.9906752
17   1557693970.0345526
18   1557693970.069191
20   1557693970.114557
22   1557693970.154098
24   1557693970.2031674
26   1557693970.2495408
27   1557693970.2912452
29   1557693970.3319018
31   1557693970.382715
33   1557693970.441908
35   1557693970.4746368
36   1557693970.5127985
38   1557693970.5591252
41   1557693970.6253784
42   1557693970.664164
44   1557693970.6973796
45   1557693970.7312226
47   1557693970.7780323
49   1557693970.8206604
51   1557693970.8592198
52   1557693970.8942235
54   1557693970.9346416
56   1557693970.9720478
58   1557693971.017627
59   1557693971.0575716
61   1557693971.0956028
63   1557693971.1404312
64   1557693971.1767077
66   1557693971.211244
67   1557693971.2420611
69   1557693971.2814856
71   1557693971.3282025
73   1557693971.372567
75   1557693971.4164684
76   1557693971.449362
78   1557693971.4865592
79   1557693971.5218396
81   1557693971.5572364
82   1557693971.5946207
84   1557693971.635697
85   1557693971.6682158
87   1557693971.7004282
88   1557693971.738173
90   1557693971.769809
91   1557693971.8093565
93   1557693971.8473198
94   1557693971.880779
96   1557693971.9166267
98   1557693971.9603016
99   1557693971.997641
101   1557693972.0395555
102   1557693972.067682
104   1557693972.1013408
106   1557693972.147963
107   1557693972.186683
109   1557693972.2280235
111   1557693972.2667572
112   1557693972.2994971
113   1557693972.3373005
115   1557693972.3682647
116   1557693972.412496
118   1557693972.4577327
120   1557693972.4926653
121   1557693972.5287747
123   1557693972.568229
124   1557693972.610386
126   1557693972.6420164
127   1557693972.671663
129   1557693972.708621
130   1557693972.7522416
132   1557693972.7831497
133   1557693972.8126488
134   1557693972.8480504
136   1557693972.8802962
137   1557693972.9053707
138   1557693972.9347596
140   1557693972.9680247
141   1557693973.0026252
142   1557693973.0366998
144   1557693973.0731769
145   1557693973.1083443
147   1557693973.1377192
148   1557693973.1683638
149   1557693973.1984372
150   1557693973.2265847
151   1557693973.2578547
152   1557693973.2862165
154   1557693973.3170621
155   1557693973.3524063
157   1557693973.40984
159   1557693973.4463975
160   1557693973.4776905
161   1557693973.5080593
163   1557693973.536355
164   1557693973.5663319
166   1557693973.6056607
167   1557693973.6358173
168   1557693973.6682992
169   1557693973.6987991
170   1557693973.7264657
172   1557693973.7594652
173   1557693973.7892225
174   1557693973.825249
176   1557693973.8542495
177   1557693973.8827615
178   1557693973.9094422
180   1557693973.9504569
181   1557693973.9794064
182   1557693974.0067892
183   1557693974.0353925
184   1557693974.062557
185   1557693974.0921845
186   1557693974.120718
188   1557693974.1513586
189   1557693974.1887107
191   1557693974.2258413
192   1557693974.2542384
193   1557693974.2819912
194   1557693974.3105612
195   1557693974.337827
197   1557693974.3691695
198   1557693974.4062512
200   1557693974.4461644
201   1557693974.4772646
203   1557693974.5094025
204   1557693974.5365033
205   1557693974.5672178
206   1557693974.5950723
208   1557693974.6261194
209   1557693974.656519
210   1557693974.6860585
211   1557693974.709547
213   1557693974.7413325
214   1557693974.7679095
215   1557693974.8013618
217   1557693974.831955
218   1557693974.8626146
219   1557693974.8876472
220   1557693974.91727
222   1557693974.9506998
222   1557693974.9807284
224   1557693975.022276
224   1557693975.0612357
225   1557693975.0975962
225   1557693975.1332026
226   1557693975.1685421
226   1557693975.2093637
226   1557693975.2322152
226   1557693975.250191
226   1557693975.2674963
226   1557693975.285585
226   1557693975.3018909
226   1557693975.3186111
226   1557693975.3345895
226   1557693975.354618
226   1557693975.3694303
226   1557693975.3863468
226   1557693975.4126887
226   1557693975.4316306
226   1557693975.4604735
226   1557693975.482573
226   1557693975.5027988
226   1557693975.5200171
226   1557693975.5371902
226   1557693975.5565875
226   1557693975.571838
226   1557693975.5899525
226   1557693975.6102722
226   1557693975.626595
226   1557693975.6426518
226   1557693975.6625185
226   1557693975.6800141
226   1557693975.6973886
226   1557693975.71601
226   1557693975.731534
226   1557693975.7479687
226   1557693975.766447
226   1557693975.7826164
226   1557693975.7993398
226   1557693975.8205156
226   1557693975.8387077
226   1557693975.8564234
226   1557693975.8736734
226   1557693975.8911397
226   1557693975.9101708
226   1557693975.9263568
226   1557693975.9462
226   1557693975.972743
226   1557693975.9905493
226   1557693976.0184085
226   1557693976.0504887
226   1557693976.078132
226   1557693976.099415
225   1557693976.1304226
225   1557693976.1587594
225   1557693976.1871433
225   1557693976.2184515
224   1557693976.2465103
224   1557693976.2685447
224   1557693976.2898223
223   1557693976.3131046
223   1557693976.3391445
223   1557693976.3623805
223   1557693976.3884554
223   1557693976.4124157
222   1557693976.4447308
222   1557693976.4631681
222   1557693976.4894917
222   1557693976.5091908
222   1557693976.532666
222   1557693976.5562546
221   1557693976.5879307
221   1557693976.6066
221   1557693976.635145
221   1557693976.656406
221   1557693976.6780615
221   1557693976.7016478
221   1557693976.7206721
221   1557693976.744518
220   1557693976.7694857
220   1557693976.7901464
220   1557693976.8094118
220   1557693976.8297956
219   1557693976.8520298
219   1557693976.875265
219   1557693976.8992496
219   1557693976.9186811
219   1557693976.9462934
219   1557693976.9694521
219   1557693976.9877658
219   1557693977.0031304
219   1557693977.0260506
219   1557693977.0427444
219   1557693977.0615315
219   1557693977.0802157
219   1557693977.1048121
218   1557693977.12738
218   1557693977.1528027
218   1557693977.170584
218   1557693977.1894383
217   1557693977.206653
217   1557693977.2300992
217   1557693977.2514775
217   1557693977.2724288
217   1557693977.2903736
217   1557693977.3075006
217   1557693977.322374
217   1557693977.3407707
217   1557693977.3585777
217   1557693977.3757179
217   1557693977.3918898
217   1557693977.4098449
217   1557693977.4362595
217   1557693977.4616938
217   1557693977.4826035
217   1557693977.5025318
216   1557693977.5322604
216   1557693977.5687594
215   1557693977.6079745
215   1557693977.6303794
215   1557693977.6504717
215   1557693977.672344
215   1557693977.688139
215   1557693977.7060637
215   1557693977.7207458
215   1557693977.738788
215   1557693977.7579145
215   1557693977.7743828
215   1557693977.789793
215   1557693977.8083935
215   1557693977.8280368
215   1557693977.8451004
215   1557693977.8626263
215   1557693977.8817766
215   1557693977.9036198
215   1557693977.9252954
215   1557693977.9487553
214   1557693977.9717124
214   1557693977.9960637
213   1557693978.0181546
213   1557693978.03774
213   1557693978.0605872
213   1557693978.0801716
213   1557693978.1004152
213   1557693978.1175296
213   1557693978.135606
213   1557693978.150782
213   1557693978.1713862
213   1557693978.1887078
213   1557693978.2060945
213   1557693978.226766
213   1557693978.242761
213   1557693978.2617624
213   1557693978.2794483
213   1557693978.2957742
213   1557693978.3185117
213   1557693978.3382115
212   1557693978.3605106
212   1557693978.3825645
212   1557693978.4026976
212   1557693978.4253783
212   1557693978.4567218
211   1557693978.476684
211   1557693978.4996712
211   1557693978.5167968
211   1557693978.5352838
211   1557693978.5505984
211   1557693978.5727012
211   1557693978.5928063
211   1557693978.6094816
211   1557693978.631782
211   1557693978.6486995
211   1557693978.6658177
211   1557693978.6847663
211   1557693978.7001796
211   1557693978.7171686
211   1557693978.7326114
211   1557693978.751346
211   1557693978.7681863
211   1557693978.7892215
211   1557693978.8092804
211   1557693978.8305883
211   1557693978.852787
210   1557693978.8731184
210   1557693978.8957772
210   1557693978.9166865
210   1557693978.9468088
210   1557693978.9674077
210   1557693978.9873676
210   1557693979.0027523
210   1557693979.0247748
210   1557693979.0423222
210   1557693979.0593228
210   1557693979.0776272
210   1557693979.0946763
210   1557693979.1126304
210   1557693979.1301572
209   1557693979.1512628
209   1557693979.1707654
209   1557693979.1912642
209   1557693979.2101698
209   1557693979.230677
208   1557693979.2551837
208   1557693979.2744446
208   1557693979.2944257
208   1557693979.3146548
208   1557693979.332376
208   1557693979.3552556
208   1557693979.3702002
208   1557693979.386774
208   1557693979.4058197
208   1557693979.4263773
208   1557693979.450666
208   1557693979.470578
208   1557693979.4865663
208   1557693979.5043738
208   1557693979.5207024
208   1557693979.537798
208   1557693979.558149
208   1557693979.5804002
208   1557693979.605974
208   1557693979.6345668
207   1557693979.6660457
207   1557693979.6867197
207   1557693979.7075782
207   1557693979.7298682
207   1557693979.7497542
207   1557693979.7701793
207   1557693979.7861385
207   1557693979.803669
207   1557693979.823104
207   1557693979.84164
207   1557693979.860118
207   1557693979.8768082
207   1557693979.8937044
207   1557693979.9112926
206   1557693979.9303443
206   1557693979.9579945
206   1557693979.9767418
206   1557693979.99367
206   1557693980.0167522
206   1557693980.0374224
206   1557693980.0579407
206   1557693980.0780547
206   1557693980.095199
206   1557693980.1214094
206   1557693980.1421826
205   1557693980.1673057
205   1557693980.186667
205   1557693980.2116706
205   1557693980.2362397
205   1557693980.2577143
205   1557693980.2731128
205   1557693980.2906914
205   1557693980.3078337
205   1557693980.3246975
205   1557693980.3414695
205   1557693980.360266
205   1557693980.3780854
205   1557693980.396515
205   1557693980.417896
204   1557693980.4383955
204   1557693980.4698668
204   1557693980.4916716
204   1557693980.5095568
204   1557693980.5294058
204   1557693980.547392
204   1557693980.5664592
204   1557693980.5813508
204   1557693980.5992362
204   1557693980.6167521
204   1557693980.6401927
204   1557693980.658255
204   1557693980.6765616
204   1557693980.6918504
204   1557693980.7084243
204   1557693980.7273574
204   1557693980.7477515
204   1557693980.7680826
204   1557693980.7866602
204   1557693980.807915
204   1557693980.8303514
203   1557693980.8506117
203   1557693980.8725896
203   1557693980.8920035
203   1557693980.911744
202   1557693980.9343193
202   1557693980.9585276
202   1557693980.977804
202   1557693980.99526
202   1557693981.0102968
202   1557693981.032485
202   1557693981.050117
202   1557693981.0677621
202   1557693981.0843945
202   1557693981.1017833
202   1557693981.1178036
202   1557693981.135927
202   1557693981.15148
202   1557693981.169974
202   1557693981.186665
202   1557693981.201711
202   1557693981.2184298
202   1557693981.2378595
202   1557693981.2547028
202   1557693981.270713
202   1557693981.2877653
202   1557693981.3060412
202   1557693981.3211644
202   1557693981.339075
202   1557693981.3570895
202   1557693981.3736851
202   1557693981.3901458
202   1557693981.4071798
202   1557693981.427924
202   1557693981.4467735
202   1557693981.4718912
202   1557693981.4903395
202   1557693981.5067585
202   1557693981.5224617
202   1557693981.5403018
202   1557693981.561518
202   1557693981.5792139
202   1557693981.6071665
202   1557693981.624798
202   1557693981.6466022
202   1557693981.6672983
201   1557693981.6952586
201   1557693981.7179327
201   1557693981.7474384
201   1557693981.765647
201   1557693981.7813253
201   1557693981.800383
201   1557693981.821677
201   1557693981.8447058
201   1557693981.8667104
201   1557693981.8866417
201   1557693981.9082263
201   1557693981.9276586
200   1557693981.9593718
200   1557693981.979788
200   1557693982.0006053
200   1557693982.019172
200   1557693982.0379772
200   1557693982.0604105
200   1557693982.0806854
200   1557693982.097499
200   1557693982.1140835
200   1557693982.1303523
200   1557693982.1482751
200   1557693982.166511
200   1557693982.184345
200   1557693982.2004483
200   1557693982.2174187
200   1557693982.2382643
200   1557693982.2583742
200   1557693982.27481
200   1557693982.2943773
200   1557693982.312572
200   1557693982.3321764
199   1557693982.350116
199   1557693982.370721
199   1557693982.3905284
199   1557693982.410706
199   1557693982.430512
199   1557693982.4560106
199   1557693982.4820542
199   1557693982.5005555
199   1557693982.5205736
199   1557693982.5426958
199   1557693982.5671911
199   1557693982.5879068
198   1557693982.6132047
198   1557693982.6383018
198   1557693982.6592968
198   1557693982.6801944
198   1557693982.6978102
198   1557693982.7187989
198   1557693982.73464
198   1557693982.7531998
198   1557693982.770521
198   1557693982.7876005
198   1557693982.804644
198   1557693982.8214571
198   1557693982.8375914
198   1557693982.8562717
198   1557693982.8742156
198   1557693982.8902385
198   1557693982.9062147
198   1557693982.9252052
198   1557693982.9404228
198   1557693982.9642117
198   1557693982.985935
197   1557693983.0071428
197   1557693983.0367062
197   1557693983.0611994
197   1557693983.081233
197   1557693983.1013227
197   1557693983.1199903
197   1557693983.1375515
197   1557693983.1546226
197   1557693983.171522
197   1557693983.189107
197   1557693983.2061167
197   1557693983.2219615
197   1557693983.2401836
197   1557693983.2574
197   1557693983.2745304
197   1557693983.2899468
197   1557693983.3079555
197   1557693983.3246257
197   1557693983.3406494
197   1557693983.3582933
197   1557693983.3766909
197   1557693983.392075
197   1557693983.4084346
197   1557693983.4273443
197   1557693983.4478214
197   1557693983.470171
197   1557693983.4978046
196   1557693983.5182848
196   1557693983.5382311
196   1557693983.5592625
196   1557693983.5791523
195   1557693983.6065211
195   1557693983.6226306
195   1557693983.6401782
195   1557693983.6573002
195   1557693983.6763952
195   1557693983.6918347
195   1557693983.7084455
195   1557693983.7252097
195   1557693983.74254
195   1557693983.765334
195   1557693983.7883148
195   1557693983.810115
195   1557693983.8287015
195   1557693983.850144
195   1557693983.86824
195   1557693983.885166
195   1557693983.9016657
195   1557693983.9182522
195   1557693983.9362278
195   1557693983.9517868
195   1557693983.9723175
195   1557693983.990228
195   1557693984.0073824
195   1557693984.0222948
195   1557693984.0402217
195   1557693984.058463
195   1557693984.0750709
195   1557693984.091224
195   1557693984.1102595
195   1557693984.1264906
195   1557693984.1441224
195   1557693984.1604226
195   1557693984.1782851
195   1557693984.1947677
195   1557693984.2111857
195   1557693984.2277873
195   1557693984.2498686
195   1557693984.267596
195   1557693984.2841887
195   1557693984.3013077
195   1557693984.3182316
195   1557693984.3342466
195   1557693984.3545132
195   1557693984.3694084
195   1557693984.3865116
195   1557693984.4024978
195   1557693984.421279
195   1557693984.4373333
195   1557693984.4593606
195   1557693984.476044
195   1557693984.496006
195   1557693984.5164154
195   1557693984.5313091
195   1557693984.550211
195   1557693984.568103
195   1557693984.584667
195   1557693984.6095471
195   1557693984.631168
195   1557693984.6576881
195   1557693984.678225
195   1557693984.6967993
195   1557693984.7171793
194   1557693984.7386875
194   1557693984.7617526
194   1557693984.777729
194   1557693984.7943578
194   1557693984.8153527
194   1557693984.8346198
194   1557693984.8546374
194   1557693984.87205
194   1557693984.8879912
194   1557693984.9060137
194   1557693984.9224336
194   1557693984.9393628
194   1557693984.9604018
194   1557693984.9780009
194   1557693984.9944346
194   1557693985.0113182
194   1557693985.0273483
194   1557693985.0492659
194   1557693985.0675824
194   1557693985.0831878
194   1557693985.1003563
194   1557693985.121305
194   1557693985.1435754
193   1557693985.1679447
193   1557693985.186434
193   1557693985.203209
193   1557693985.2203622
193   1557693985.2400258
193   1557693985.2582476
193   1557693985.2758017
193   1557693985.2915356
193   1557693985.3142369
193   1557693985.3353238
193   1557693985.354787
192   1557693985.3746777
192   1557693985.3904932
192   1557693985.4065719
192   1557693985.4252746
192   1557693985.445177
192   1557693985.467363
192   1557693985.4843879
192   1557693985.50007
192   1557693985.5218885
192   1557693985.5381563
192   1557693985.557695
192   1557693985.5741386
192   1557693985.5913239
192   1557693985.60814
192   1557693985.6262028
192   1557693985.6417344
192   1557693985.6593626
192   1557693985.6924253
192   1557693985.7095106
192   1557693985.727155
192   1557693985.744513
192   1557693985.7603447
192   1557693985.7780066
192   1557693985.7948096
192   1557693985.8106048
192   1557693985.8284369
192   1557693985.8587954
192   1557693985.881373
192   1557693985.9040632
192   1557693985.922519
192   1557693985.9395235
192   1557693985.9574528
192   1557693985.9793797
192   1557693985.9952621
192   1557693986.0112274
192   1557693986.0279038
192   1557693986.0464163
192   1557693986.062312
192   1557693986.080096
192   1557693986.0963771
192   1557693986.1130848
192   1557693986.1299784
192   1557693986.1481302
192   1557693986.1664274
192   1557693986.1831234
192   1557693986.1991193
192   1557693986.216012
192   1557693986.2327633
192   1557693986.2565298
192   1557693986.271539
192   1557693986.2902772
192   1557693986.3065193
192   1557693986.3220868
192   1557693986.3402674
192   1557693986.3586118
192   1557693986.3745239
192   1557693986.3912718
192   1557693986.4079158
192   1557693986.4243784
192   1557693986.4412463
192   1557693986.4658363
192   1557693986.481744
192   1557693986.4997876
192   1557693986.521884
192   1557693986.5427618
191   1557693986.5684032
191   1557693986.5875952
191   1557693986.6061106
191   1557693986.6251655
191   1557693986.6480515
191   1557693986.6711411
191   1557693986.6879258
191   1557693986.7044363
191   1557693986.7205527
191   1557693986.7382848
191   1557693986.7559514
191   1557693986.7731876
191   1557693986.7902234
191   1557693986.8071058
191   1557693986.8218608
191   1557693986.8406563
191   1557693986.8579848
191   1557693986.8900425
191   1557693986.9075336
191   1557693986.9236126
191   1557693986.940268
191   1557693986.959324
191   1557693986.9800992
191   1557693987.001116
191   1557693987.017174
190   1557693987.036211
190   1557693987.0607133
190   1557693987.0785818
190   1557693987.0987735
190   1557693987.1165917
190   1557693987.1322687
190   1557693987.1525686
190   1557693987.1717286
190   1557693987.1892917
190   1557693987.209858
190   1557693987.2277455
190   1557693987.2427785
190   1557693987.2613294
190   1557693987.2778726
190   1557693987.2966218
190   1557693987.3114722
190   1557693987.3282495
190   1557693987.3442848
190   1557693987.3627443
190   1557693987.3787851
190   1557693987.3961084
190   1557693987.4136171
190   1557693987.429848
190   1557693987.4503617
190   1557693987.4727542
190   1557693987.48966
190   1557693987.5095284
190   1557693987.5326316
190   1557693987.5557253
189   1557693987.5744212
189   1557693987.593145
189   1557693987.6122072
189   1557693987.6293411
189   1557693987.6471622
189   1557693987.6675537
189   1557693987.6857502
189   1557693987.7011552
189   1557693987.7176683
189   1557693987.7336454
189   1557693987.750369
189   1557693987.7687817
189   1557693987.7843943
189   1557693987.8006246
189   1557693987.8183503
189   1557693987.8351307
189   1557693987.8563755
189   1557693987.8737051
189   1557693987.8905685
189   1557693987.9081383
189   1557693987.9302213
189   1557693987.951936
189   1557693987.9790823
189   1557693987.9963596
189   1557693988.01417
189   1557693988.0300965
189   1557693988.0467103
189   1557693988.0650997
189   1557693988.0811481
189   1557693988.0986552
189   1557693988.1161206
189   1557693988.1315055
189   1557693988.1485302
189   1557693988.1671987
189   1557693988.1820738
189   1557693988.198776
189   1557693988.2166796
189   1557693988.2324672
189   1557693988.254461
189   1557693988.2722592
189   1557693988.2882917
189   1557693988.3059733
189   1557693988.3217535
189   1557693988.3394368
189   1557693988.3567693
189   1557693988.3741927
189   1557693988.389218
189   1557693988.4076917
189   1557693988.424375
189   1557693988.440683
189   1557693988.458495
189   1557693988.4795258
189   1557693988.4952943
189   1557693988.5120347
189   1557693988.5360842
189   1557693988.5544443
189   1557693988.5695252
189   1557693988.5927076
189   1557693988.6085002
189   1557693988.6262734
189   1557693988.6415017
189   1557693988.6644456
189   1557693988.6813488
189   1557693988.6981885
189   1557693988.7167914
189   1557693988.7362359
189   1557693988.7551694
189   1557693988.774367
188   1557693988.7926106
188   1557693988.8120413
188   1557693988.830543
188   1557693988.8507597
188   1557693988.8707578
188   1557693988.8885977
188   1557693988.9043915
188   1557693988.9218068
188   1557693988.938357
188   1557693988.9567578
188   1557693988.9760091
188   1557693988.9943829
188   1557693989.0094588
188   1557693989.026522
188   1557693989.04273
188   1557693989.0664947
188   1557693989.082398
188   1557693989.099355
188   1557693989.1166263
188   1557693989.134147
188   1557693989.149295
188   1557693989.1675699
188   1557693989.184494
188   1557693989.2004917
188   1557693989.2165608
188   1557693989.235775
188   1557693989.2513835
188   1557693989.2684608
188   1557693989.2841918
188   1557693989.3020515
188   1557693989.3179734
188   1557693989.3350642
188   1557693989.3543532
188   1557693989.370368
188   1557693989.3863378
188   1557693989.4031203
188   1557693989.419541
188   1557693989.437257
188   1557693989.4586363
188   1557693989.4801526
188   1557693989.499158
188   1557693989.5181797
188   1557693989.5424747
188   1557693989.564404
187   1557693989.5825596
187   1557693989.6075137
187   1557693989.6252646
187   1557693989.6455898
187   1557693989.6613662
187   1557693989.6790926
187   1557693989.6945262
187   1557693989.7112796
187   1557693989.7275116
187   1557693989.746751
187   1557693989.7626543
187   1557693989.7795506
187   1557693989.7960777
187   1557693989.813712
187   1557693989.8290713
187   1557693989.8464093
187   1557693989.8686876
187   1557693989.885923
187   1557693989.9017143
187   1557693989.9196784
187   1557693989.9362116
187   1557693989.954785
187   1557693989.9736178
187   1557693989.9926121
187   1557693990.01526
187   1557693990.0363646
187   1557693990.0599651
187   1557693990.0781555
187   1557693990.0940833
187   1557693990.110654
187   1557693990.1274784
187   1557693990.1464713
187   1557693990.1642537
187   1557693990.180171
187   1557693990.1972537
187   1557693990.214517
187   1557693990.2293165
187   1557693990.2465472
187   1557693990.2692857
187   1557693990.2864182
187   1557693990.3013315
187   1557693990.3201299
187   1557693990.3363094
187   1557693990.3544366
187   1557693990.3701818
187   1557693990.3880124
187   1557693990.4031851
187   1557693990.4206533
187   1557693990.4367378
187   1557693990.4563184
187   1557693990.476271
187   1557693990.4918735
187   1557693990.5090806
187   1557693990.5267737
187   1557693990.5419533
187   1557693990.568651
187   1557693990.5845263
187   1557693990.6003594
187   1557693990.61794
187   1557693990.6362956
187   1557693990.6536062
187   1557693990.678339
187   1557693990.697125
187   1557693990.7141042
186   1557693990.7320566
186   1557693990.7491848
186   1557693990.7694466
186   1557693990.7862756
186   1557693990.8011696
186   1557693990.8197832
186   1557693990.8356264
186   1557693990.8518178
186   1557693990.869227
186   1557693990.8867364
186   1557693990.901748
186   1557693990.919452
186   1557693990.9360533
186   1557693990.9544077
186   1557693990.9725227
186   1557693990.9897587
186   1557693991.0066247
186   1557693991.0236979
186   1557693991.039384
186   1557693991.0579305
186   1557693991.079391
186   1557693991.096139
186   1557693991.1112044
186   1557693991.1296854
186   1557693991.1459796
186   1557693991.1624272
186   1557693991.1799707
186   1557693991.1976972
186   1557693991.2126038
186   1557693991.2301664
186   1557693991.246296
186   1557693991.2652643
186   1557693991.2815156
186   1557693991.2983317
186   1557693991.3142033
186   1557693991.331966
186   1557693991.3481333
186   1557693991.365647
186   1557693991.3828094
186   1557693991.3995047
186   1557693991.4157255
186   1557693991.432524
186   1557693991.4494421
186   1557693991.4752467
186   1557693991.4914882
186   1557693991.5093067
186   1557693991.5247464
186   1557693991.5422103
186   1557693991.5662205
186   1557693991.5844145
186   1557693991.608109
186   1557693991.6250603
186   1557693991.642469
186   1557693991.660342
186   1557693991.6766317
186   1557693991.6953804
186   1557693991.7105055
186   1557693991.727433
186   1557693991.7441597
186   1557693991.7622004
186   1557693991.778102
186   1557693991.7962527
186   1557693991.8112617
186   1557693991.8292327
186   1557693991.8463225
186   1557693991.8674328
186   1557693991.8827703
186   1557693991.901984
186   1557693991.9180067
186   1557693991.9344246
186   1557693991.953102
186   1557693991.969514
186   1557693991.9884248
186   1557693992.0082428
186   1557693992.0299366
186   1557693992.050015
186   1557693992.0683672
185   1557693992.0998
185   1557693992.1277447
185   1557693992.151345
185   1557693992.172619
185   1557693992.19046
185   1557693992.2082388
185   1557693992.2247112
185   1557693992.2400923
185   1557693992.2587154
185   1557693992.2799428
185   1557693992.2976398
185   1557693992.3126378
185   1557693992.3303342
185   1557693992.3476403
185   1557693992.364676
185   1557693992.379938
185   1557693992.3982725
185   1557693992.4136786
185   1557693992.4301784
185   1557693992.4472466
185   1557693992.4660969
185   1557693992.4847112
185   1557693992.5022871
185   1557693992.5187624
185   1557693992.5356138
185   1557693992.5542648
185   1557693992.5766318
185   1557693992.5921974
185   1557693992.6103117
185   1557693992.6272237
185   1557693992.6442344
185   1557693992.6619694
185   1557693992.6818097
185   1557693992.6999483
185   1557693992.7164738
185   1557693992.7320745
185   1557693992.7480788
185   1557693992.7675683
185   1557693992.7823849
185   1557693992.7991056
185   1557693992.817178
185   1557693992.8332126
185   1557693992.8493736
185   1557693992.8680801
185   1557693992.8851662
185   1557693992.9007225
185   1557693992.9177842
185   1557693992.9342628
185   1557693992.9505517
185   1557693992.9694772
185   1557693992.9892375
185   1557693993.00654
185   1557693993.0245962
185   1557693993.0410564
185   1557693993.057787
185   1557693993.0804572
185   1557693993.0966918
185   1557693993.1141212
185   1557693993.129348
185   1557693993.1477103
185   1557693993.1656342
185   1557693993.1812975
185   1557693993.1982627
185   1557693993.216575
185   1557693993.2315018
185   1557693993.2483735
185   1557693993.2673852
185   1557693993.282803
185   1557693993.2987564
185   1557693993.3178308
185   1557693993.3343108
185   1557693993.3503587
185   1557693993.3683999
185   1557693993.386674
185   1557693993.4043603
185   1557693993.4226182
185   1557693993.4412916
184   1557693993.4601896
184   1557693993.4871936
184   1557693993.5075972
184   1557693993.5262923
184   1557693993.544519
184   1557693993.561682
184   1557693993.5896866
184   1557693993.606258
184   1557693993.62249
184   1557693993.6405892
184   1557693993.657496
184   1557693993.6746783
184   1557693993.6910892
184   1557693993.707791
184   1557693993.7243202
184   1557693993.7403715
184   1557693993.758392
184   1557693993.776257
184   1557693993.7911398
184   1557693993.8076506
184   1557693993.8257306
184   1557693993.8416858
184   1557693993.8583775
184   1557693993.8800294
184   1557693993.8974957
184   1557693993.9132197
184   1557693993.9305649
184   1557693993.9486222
184   1557693993.9653811
184   1557693993.9850974
184   1557693994.0001605
184   1557693994.01784
184   1557693994.0347362
184   1557693994.0515232
184   1557693994.069347
184   1557693994.0872688
184   1557693994.1019652
184   1557693994.1184616
184   1557693994.1366541
184   1557693994.1579792
184   1557693994.1792364
184   1557693994.2036629
184   1557693994.2253394
184   1557693994.2427928
184   1557693994.259845
184   1557693994.2812624
184   1557693994.2983067
184   1557693994.3150628
184   1557693994.3313532
184   1557693994.3493414
184   1557693994.366359
184   1557693994.381969
184   1557693994.3999484
184   1557693994.4167826
184   1557693994.431729
184   1557693994.4499485
184   1557693994.468151
184   1557693994.4887497
184   1557693994.5045967
184   1557693994.5203583
184   1557693994.538269
184   1557693994.5575435
184   1557693994.5723476
184   1557693994.5980332
184   1557693994.6147459
184   1557693994.6298537
184   1557693994.6487916
184   1557693994.6657703
184   1557693994.6863852
184   1557693994.7023234
184   1557693994.7201762
184   1557693994.736142
184   1557693994.755325
184   1557693994.7706099
184   1557693994.78814
184   1557693994.8046663
184   1557693994.8206577
184   1557693994.8376803
184   1557693994.8567684
184   1557693994.871756
184   1557693994.8884482
184   1557693994.9064455
184   1557693994.9219778
184   1557693994.9379668
184   1557693994.9586995
184   1557693994.974714
184   1557693994.9947202
184   1557693995.0107412
184   1557693995.0282466
184   1557693995.0443487
184   1557693995.0622115
184   1557693995.0836413
184   1557693995.1043086
184   1557693995.120485
184   1557693995.1379628
184   1557693995.1580431
184   1557693995.1753013
184   1557693995.1907282
184   1557693995.2096732
184   1557693995.2256439
184   1557693995.2415247
184   1557693995.2594259
184   1557693995.2780712
184   1557693995.293231
184   1557693995.3107548
184   1557693995.3275945
184   1557693995.3447533
184   1557693995.3618982
184   1557693995.3791673
184   1557693995.3963656
184   1557693995.4131448
184   1557693995.429096
184   1557693995.4470556
184   1557693995.4651892
184   1557693995.4887543
184   1557693995.5060763
184   1557693995.5266194
184   1557693995.5427606
184   1557693995.567439
184   1557693995.5842075
184   1557693995.606191
183   1557693995.625095
183   1557693995.6461425
183   1557693995.6663804
182   1557693995.6891918
182   1557693995.706138
182   1557693995.7252812
182   1557693995.740703
182   1557693995.7594886
182   1557693995.776784
182   1557693995.7931395
182   1557693995.8104498
182   1557693995.8281217
182   1557693995.8442197
182   1557693995.8611004
182   1557693995.8836162
182   1557693995.9003432
182   1557693995.9175181
182   1557693995.9336944
182   1557693995.9504488
182   1557693995.9694784
182   1557693995.9891503
182   1557693996.0060205
182   1557693996.0236328
182   1557693996.0403106
182   1557693996.057538
182   1557693996.0748045
182   1557693996.0914629
182   1557693996.1082609
182   1557693996.1253057
182   1557693996.1425803
182   1557693996.1599803
182   1557693996.1777174
182   1557693996.1944244
182   1557693996.211982
182   1557693996.2305458
182   1557693996.2557714
182   1557693996.285352
182   1557693996.3041618
182   1557693996.3218274
182   1557693996.3385053
182   1557693996.355837
182   1557693996.3726273
182   1557693996.39023
182   1557693996.4071157
182   1557693996.42179
182   1557693996.4395187
182   1557693996.457953
182   1557693996.4757345
182   1557693996.4950657
182   1557693996.51123
182   1557693996.5287771
182   1557693996.5461066
182   1557693996.5625112
182   1557693996.5817094
182   1557693996.6078079
182   1557693996.6244314
183   1557693996.6472962
183   1557693996.6657977
183   1557693996.6864786
183   1557693996.7027707
183   1557693996.7200205
183   1557693996.7377875
183   1557693996.755253
183   1557693996.772571
183   1557693996.7894642
183   1557693996.8071117
183   1557693996.8217866
183   1557693996.8404043
183   1557693996.8577142
183   1557693996.8743396
183   1557693996.8905108
183   1557693996.9083848
183   1557693996.9241476
183   1557693996.9414983
183   1557693996.9599562
183   1557693996.9764366
183   1557693996.995788
183   1557693997.0119576
183   1557693997.0291293
183   1557693997.0473144
183   1557693997.063117
183   1557693997.0870807
183   1557693997.1019745
183   1557693997.119259
183   1557693997.1347625
183   1557693997.155252
183   1557693997.1703453
183   1557693997.1880045
183   1557693997.2031727
183   1557693997.2214603
183   1557693997.2383394
183   1557693997.2564464
183   1557693997.2726846
183   1557693997.291209
183   1557693997.3071547
183   1557693997.3237038
183   1557693997.3414998
183   1557693997.3594155
183   1557693997.3752847
183   1557693997.3919454
183   1557693997.409167
183   1557693997.4264424
183   1557693997.442604
183   1557693997.4603887
183   1557693997.477607
183   1557693997.5022721
183   1557693997.518528
183   1557693997.535794
183   1557693997.5561984
183   1557693997.571801
183   1557693997.5878596
183   1557693997.6058433
183   1557693997.6281948
183   1557693997.6443226
183   1557693997.6623762
183   1557693997.679233
183   1557693997.6962407
183   1557693997.712284
183   1557693997.7302375
183   1557693997.7463942
183   1557693997.7644482
183   1557693997.7796996
183   1557693997.797795
183   1557693997.8143482
183   1557693997.8307443
183   1557693997.847831
183   1557693997.867251
183   1557693997.8871136
183   1557693997.9044263
183   1557693997.9210582
183   1557693997.9381938
183   1557693997.9565196
183   1557693997.9741948
183   1557693997.992369
183   1557693998.01011
183   1557693998.02648
183   1557693998.0445087
183   1557693998.061525
183   1557693998.0782623
183   1557693998.0942152
183   1557693998.1123145
183   1557693998.1296763
183   1557693998.1471696
183   1557693998.1662333
183   1557693998.1819794
183   1557693998.1979988
183   1557693998.2159479
183   1557693998.2320614
183   1557693998.2491322
183   1557693998.2664778
183   1557693998.2880588
183   1557693998.3037071
183   1557693998.3277833
183   1557693998.349694
183   1557693998.376118
183   1557693998.396006
183   1557693998.4125836
183   1557693998.4299695
183   1557693998.447638
183   1557693998.4650671
183   1557693998.4820437
183   1557693998.5013013
183   1557693998.5188127
183   1557693998.5346277
183   1557693998.5546374
183   1557693998.5705752
183   1557693998.5991166
183   1557693998.622801
183   1557693998.6403706
183   1557693998.657516
183   1557693998.6751993
183   1557693998.696378
183   1557693998.712334
183   1557693998.7294679
183   1557693998.748325
183   1557693998.7672107
183   1557693998.7825518
182   1557693998.801445
182   1557693998.8190777
182   1557693998.835973
182   1557693998.8543038
182   1557693998.8716416
182   1557693998.888132
182   1557693998.9032314
182   1557693998.9222586
182   1557693998.9379528
182   1557693998.9562016
182   1557693998.9721801
182   1557693998.993665
182   1557693999.0087912
182   1557693999.026009
182   1557693999.041844
182   1557693999.0611048
182   1557693999.0776937
182   1557693999.0982459
182   1557693999.114156
182   1557693999.1320362
182   1557693999.14825
182   1557693999.1663642
182   1557693999.1842556
182   1557693999.2001598
182   1557693999.2163134
182   1557693999.2332034
182   1557693999.250343
182   1557693999.2686555
182   1557693999.2853823
182   1557693999.3012505
182   1557693999.3177927
182   1557693999.336057
182   1557693999.3512747
182   1557693999.3685367
182   1557693999.387596
182   1557693999.4037144
182   1557693999.4190779
182   1557693999.4364386
182   1557693999.455069
182   1557693999.471197
182   1557693999.4960067
182   1557693999.51369
182   1557693999.5302844
182   1557693999.5474467
182   1557693999.5652099
182   1557693999.584282
182   1557693999.5993493
182   1557693999.6162972
182   1557693999.638785
182   1557693999.657076
182   1557693999.6717503
182   1557693999.689441
182   1557693999.7065845
182   1557693999.7214851
182   1557693999.7391167
182   1557693999.757819
182   1557693999.77444
182   1557693999.7912517
182   1557693999.807597
182   1557693999.8253255
182   1557693999.8414817
182   1557693999.858805
182   1557693999.8761737
182   1557693999.898346
182   1557693999.9143424
182   1557693999.9303904
182   1557693999.9484675
182   1557693999.9662154
182   1557693999.9811022
182   1557694000.0031474
182   1557694000.0191317
182   1557694000.0358214
182   1557694000.0524454
182   1557694000.0711005
182   1557694000.0867012
182   1557694000.1043367
182   1557694000.1194715
182   1557694000.1376357
182   1557694000.1558058
182   1557694000.1718054
182   1557694000.1883163
182   1557694000.2076092
182   1557694000.2226913
182   1557694000.2399309
182   1557694000.2583387
182   1557694000.275932
182   1557694000.2972274
182   1557694000.3127806
182   1557694000.3299716
182   1557694000.348096
182   1557694000.3644247
182   1557694000.3820255
182   1557694000.4042113
182   1557694000.4263117
182   1557694000.4492867
182   1557694000.4685194
182   1557694000.4842691
182   1557694000.504411
182   1557694000.5205991
182   1557694000.537617
182   1557694000.5564885
182   1557694000.574339
182   1557694000.5906382
182   1557694000.6082315
182   1557694000.6243896
182   1557694000.6478066
182   1557694000.6662817
182   1557694000.681268
182   1557694000.706723
182   1557694000.7226691
182   1557694000.740202
182   1557694000.759978
182   1557694000.7767954
182   1557694000.792442
182   1557694000.8100057
182   1557694000.8275857
182   1557694000.844345
182   1557694000.861532
182   1557694000.8793523
182   1557694000.8961494
182   1557694000.9125814
182   1557694000.9285064
182   1557694000.9473906
182   1557694000.964795
182   1557694000.9805093
182   1557694001.0016718
182   1557694001.0193634
182   1557694001.0352328
182   1557694001.0514743
182   1557694001.0707507
182   1557694001.0876052
182   1557694001.107434
182   1557694001.1252158
182   1557694001.1418927
182   1557694001.1603181
182   1557694001.1767166
182   1557694001.1971202
182   1557694001.21441
182   1557694001.2346275
182   1557694001.2547867
182   1557694001.2753584
181   1557694001.294302
181   1557694001.3145614
181   1557694001.3345675
181   1557694001.351658
181   1557694001.3705528
181   1557694001.3881514
181   1557694001.4040844
181   1557694001.4212742
181   1557694001.437687
181   1557694001.4567666
181   1557694001.4726033
181   1557694001.4899662
181   1557694001.515305
181   1557694001.5323293
181   1557694001.5484664
181   1557694001.5671914
181   1557694001.5848014
181   1557694001.6006422
181   1557694001.6176348
181   1557694001.6347873
181   1557694001.6585977
181   1557694001.6766
181   1557694001.6919682
181   1557694001.7097545
181   1557694001.7266302
181   1557694001.7425592
181   1557694001.7605562
181   1557694001.7781749
181   1557694001.794187
181   1557694001.8101017
181   1557694001.828628
181   1557694001.8460221
181   1557694001.8619084
181   1557694001.8805437
181   1557694001.9004683
181   1557694001.918148
181   1557694001.9348125
181   1557694001.9535885
181   1557694001.9693546
181   1557694001.9875052
181   1557694002.007533
181   1557694002.023679
181   1557694002.0404253
181   1557694002.0581748
181   1557694002.0756211
181   1557694002.0923452
181   1557694002.108244
181   1557694002.127043
181   1557694002.144397
181   1557694002.161693
181   1557694002.177627
181   1557694002.1964364
181   1557694002.2114937
181   1557694002.2281826
181   1557694002.2452283
181   1557694002.2628067
181   1557694002.2787404
181   1557694002.3002381
181   1557694002.317869
181   1557694002.3359647
181   1557694002.3512914
181   1557694002.3701615
181   1557694002.3873305
181   1557694002.4027815
181   1557694002.418534
181   1557694002.4377325
181   1557694002.455271
181   1557694002.4737635
181   1557694002.5005941
181   1557694002.5226655
181   1557694002.5479746
181   1557694002.567652
181   1557694002.5828078
181   1557694002.600373
181   1557694002.6164649
181   1557694002.6347337
181   1557694002.651152
181   1557694002.6744223
181   1557694002.6895092
181   1557694002.711968
181   1557694002.7280726
181   1557694002.7471993
181   1557694002.7650938
181   1557694002.7806132
181   1557694002.7975097
181   1557694002.8143907
181   1557694002.830592
181   1557694002.8486512
181   1557694002.8652952
181   1557694002.881413
181   1557694002.8992097
181   1557694002.9159343
181   1557694002.930757
181   1557694002.9493508
181   1557694002.967753
181   1557694002.9843445
181   1557694003.004408
181   1557694003.0214465
181   1557694003.0373695
181   1557694003.0561428
181   1557694003.0706596
181   1557694003.088118
181   1557694003.109356
181   1557694003.1264966
181   1557694003.14164
181   1557694003.1617854
181   1557694003.1777093
181   1557694003.1936681
181   1557694003.2099357
181   1557694003.2273023
181   1557694003.2427735
181   1557694003.2619085
181   1557694003.2776704
181   1557694003.2953796
181   1557694003.311324
181   1557694003.3279197
181   1557694003.3431702
181   1557694003.3635828
181   1557694003.3790622
181   1557694003.395728
181   1557694003.411673
181   1557694003.4291735
181   1557694003.4447217
181   1557694003.4624367
181   1557694003.4782333
181   1557694003.4962292
181   1557694003.519643
181   1557694003.5367067
181   1557694003.555719
181   1557694003.5720649
181   1557694003.5963645
181   1557694003.6126792
181   1557694003.6294587
181   1557694003.6466274
181   1557694003.6646407
181   1557694003.6866622
181   1557694003.7014966
181   1557694003.718787
181   1557694003.7345092
181   1557694003.752248
181   1557694003.7700384
181   1557694003.7870648
181   1557694003.8016748
181   1557694003.8200772
181   1557694003.8361063
181   1557694003.8523405
181   1557694003.869399
181   1557694003.8874555
181   1557694003.9020715
181   1557694003.9241717
181   1557694003.9406817
181   1557694003.9583895
181   1557694003.9752614
181   1557694003.990753
181   1557694004.010696
181   1557694004.0281522
181   1557694004.044271
181   1557694004.0620174
181   1557694004.0786262
181   1557694004.0952253
181   1557694004.110056
181   1557694004.1283815
181   1557694004.144527
181   1557694004.1613142
181   1557694004.1787376
181   1557694004.1971514
181   1557694004.2119477
181   1557694004.2293532
181   1557694004.2453563
181   1557694004.264129
181   1557694004.2803283
181   1557694004.2973716
181   1557694004.3177552
181   1557694004.3359215
181   1557694004.3506753
181   1557694004.3684254
181   1557694004.3864658
181   1557694004.401922
181   1557694004.4178662
181   1557694004.4353468
181   1557694004.4520347
181   1557694004.469278
181   1557694004.4863827
181   1557694004.5072768
181   1557694004.521915
181   1557694004.5391667
181   1557694004.5614347
181   1557694004.5861344
181   1557694004.6064649
181   1557694004.6247053
181   1557694004.642295
181   1557694004.6596947
181   1557694004.6756604
181   1557694004.6994572
181   1557694004.719083
181   1557694004.7371895
181   1557694004.7552128
181   1557694004.770705
181   1557694004.7880526
181   1557694004.804425
181   1557694004.8206053
181   1557694004.838259
181   1557694004.85578
181   1557694004.8725238
181   1557694004.8895037
181   1557694004.9063804
181   1557694004.9211931
181   1557694004.9394574
181   1557694004.9567175
181   1557694004.9724793
181   1557694004.990046
181   1557694005.0110652
181   1557694005.0271313
181   1557694005.0444362
181   1557694005.0620232
181   1557694005.0786157
181   1557694005.0962224
181   1557694005.116667
181   1557694005.1331077
181   1557694005.1512046
181   1557694005.1679184
181   1557694005.1843982
181   1557694005.2018523
181   1557694005.2184422
181   1557694005.2341027
181   1557694005.2542405
181   1557694005.2696595
181   1557694005.28632
181   1557694005.302016
181   1557694005.3194118
181   1557694005.335787
181   1557694005.3542833
181   1557694005.3692453
181   1557694005.3873272
181   1557694005.4042845
181   1557694005.4201543
181   1557694005.4363785
181   1557694005.4563277
181   1557694005.4714425
181   1557694005.4880574
181   1557694005.514184
181   1557694005.5303586
181   1557694005.5477495
181   1557694005.5673509
181   1557694005.58204
181   1557694005.6079247
181   1557694005.6236129
181   1557694005.6414108
181   1557694005.6591914
181   1557694005.6759772
181   1557694005.6976566
181   1557694005.7141144
181   1557694005.72984
181   1557694005.7477362
181   1557694005.7652686
181   1557694005.7807426
181   1557694005.796615
181   1557694005.8157423
181   1557694005.830367
181   1557694005.847423
181   1557694005.864447
181   1557694005.881724
181   1557694005.8977196
181   1557694005.9186413
181   1557694005.934675
181   1557694005.9537184
181   1557694005.9699814
181   1557694005.9871504
181   1557694006.002812
181   1557694006.0231044
181   1557694006.0386167
181   1557694006.0585194
181   1557694006.074591
181   1557694006.090311
181   1557694006.1066055
181   1557694006.1261168
181   1557694006.1412063
181   1557694006.1585348
181   1557694006.1760504
181   1557694006.1923075
181   1557694006.2081325
181   1557694006.226756
181   1557694006.2436578
181   1557694006.2619312
181   1557694006.2777972
181   1557694006.294423
181   1557694006.3162766
181   1557694006.3322875
181   1557694006.3485677
181   1557694006.366773
181   1557694006.3830633
181   1557694006.3994412
181   1557694006.416488
181   1557694006.4324734
181   1557694006.4494045
181   1557694006.4682007
181   1557694006.4836462
181   1557694006.4999902
181   1557694006.5215068
181   1557694006.5391092
181   1557694006.5572574
181   1557694006.5758235
181   1557694006.5906162
181   1557694006.6079035
181   1557694006.624645
181   1557694006.64733
181   1557694006.6690555
181   1557694006.6910381
181   1557694006.7223141
181   1557694006.7400775
181   1557694006.7571702
181   1557694006.7758126
181   1557694006.7904751
181   1557694006.8073432
181   1557694006.823671
181   1557694006.8412378
181   1557694006.8579402
181   1557694006.87559
181   1557694006.891753
181   1557694006.9082677
181   1557694006.9252067
181   1557694006.9418812
181   1557694006.9598455
181   1557694006.9775035
181   1557694006.9924228
181   1557694007.0124173
181   1557694007.03036
181   1557694007.0477078
181   1557694007.0642202
181   1557694007.082428
181   1557694007.0981567
181   1557694007.1183686
181   1557694007.1358154
181   1557694007.155283
181   1557694007.170367
181   1557694007.1882424
181   1557694007.2036824
181   1557694007.221977
181   1557694007.2420888
181   1557694007.26001
181   1557694007.2803693
181   1557694007.2974083
181   1557694007.3124504
181   1557694007.331309
181   1557694007.3479414
181   1557694007.3662322
181   1557694007.3820581
181   1557694007.398482
181   1557694007.4160373
181   1557694007.4326074
181   1557694007.4486406
181   1557694007.4673421
181   1557694007.483207
181   1557694007.4997044
181   1557694007.5220282
181   1557694007.541192
181   1557694007.5600445
181   1557694007.5767949
181   1557694007.59443
181   1557694007.610451
181   1557694007.6263669
181   1557694007.6432378
181   1557694007.6618006
181   1557694007.678606
181   1557694007.6953735
181   1557694007.7166133
181   1557694007.7342575
181   1557694007.7504675
181   1557694007.7704253
180   1557694007.7897618
