0   1557693866.2582843
0   1557693866.275744
0   1557693866.2978554
0   1557693866.3319204
1   1557693866.390671
2   1557693866.4422421
4   1557693866.4798653
7   1557693866.536506
8   1557693866.5803611
10   1557693866.6275656
12   1557693866.674619
15   1557693866.7318618
16   1557693866.7744749
18   1557693866.8131588
20   1557693866.8677993
22   1557693866.9167514
24   1557693866.9683928
26   1557693867.0162191
28   1557693867.055764
30   1557693867.1122243
32   1557693867.1627839
34   1557693867.2001145
35   1557693867.2363918
37   1557693867.2743726
39   1557693867.3305151
41   1557693867.3784695
42   1557693867.4142568
44   1557693867.4491377
46   1557693867.4961524
47   1557693867.5342548
49   1557693867.565826
50   1557693867.6091456
52   1557693867.647585
54   1557693867.6943526
55   1557693867.7314718
57   1557693867.7677994
58   1557693867.8019323
60   1557693867.8417804
63   1557693867.9013944
64   1557693867.940271
66   1557693867.9919014
68   1557693868.0263166
69   1557693868.0592935
70   1557693868.089297
72   1557693868.1259742
73   1557693868.1600008
75   1557693868.1880822
76   1557693868.2223337
78   1557693868.2620924
79   1557693868.302659
81   1557693868.3427882
83   1557693868.3803701
84   1557693868.4131913
85   1557693868.4492302
87   1557693868.4817467
88   1557693868.517959
90   1557693868.555745
91   1557693868.5994546
93   1557693868.6317453
94   1557693868.671959
96   1557693868.720553
98   1557693868.7530575
99   1557693868.7885075
101   1557693868.828749
102   1557693868.8713644
104   1557693868.909832
106   1557693868.9487019
107   1557693868.9917371
109   1557693869.031381
110   1557693869.0667655
112   1557693869.1147046
114   1557693869.150298
115   1557693869.1863515
117   1557693869.2192245
118   1557693869.2585974
120   1557693869.295729
121   1557693869.337467
124   1557693869.4023795
126   1557693869.446785
128   1557693869.494359
129   1557693869.5276198
131   1557693869.5611713
133   1557693869.6127756
136   1557693869.6806333
139   1557693869.7526248
142   1557693869.8185935
145   1557693869.908117
148   1557693869.9822376
151   1557693870.0503178
155   1557693870.1231542
158   1557693870.1974561
160   1557693870.2603629
162   1557693870.2887325
163   1557693870.3282135
165   1557693870.3667512
166   1557693870.402628
167   1557693870.4314601
169   1557693870.4631844
170   1557693870.4973373
171   1557693870.5306149
173   1557693870.5662224
174   1557693870.6019704
175   1557693870.6292849
177   1557693870.6646657
178   1557693870.7019024
179   1557693870.7303848
181   1557693870.7651541
182   1557693870.7974625
184   1557693870.8294282
185   1557693870.8587358
186   1557693870.8967628
188   1557693870.9272451
189   1557693870.960519
190   1557693870.9903145
191   1557693871.0246913
192   1557693871.050607
194   1557693871.081907
195   1557693871.1201763
196   1557693871.1479213
198   1557693871.1803038
199   1557693871.2086582
200   1557693871.2384367
201   1557693871.2695267
202   1557693871.2967553
204   1557693871.3282754
205   1557693871.357959
206   1557693871.389428
208   1557693871.4181662
209   1557693871.4563837
211   1557693871.5027745
213   1557693871.537853
214   1557693871.572264
215   1557693871.6044211
217   1557693871.638582
218   1557693871.6691644
219   1557693871.6965566
220   1557693871.7220812
222   1557693871.747694
223   1557693871.7744641
224   1557693871.8042388
225   1557693871.8373826
227   1557693871.8724544
228   1557693871.9091477
230   1557693871.937456
231   1557693871.9680917
232   1557693871.998651
234   1557693872.036725
235   1557693872.0674143
236   1557693872.0957012
237   1557693872.1246612
238   1557693872.1565456
240   1557693872.188097
241   1557693872.2172709
242   1557693872.246089
243   1557693872.2753394
245   1557693872.312725
246   1557693872.3463078
248   1557693872.3812883
249   1557693872.412259
250   1557693872.4417858
252   1557693872.4724839
253   1557693872.5065396
254   1557693872.5364013
255   1557693872.5653832
257   1557693872.6128025
259   1557693872.6421807
260   1557693872.6719818
261   1557693872.714101
263   1557693872.7400372
264   1557693872.7694576
265   1557693872.800296
266   1557693872.826536
267   1557693872.858639
268   1557693872.884401
270   1557693872.9175076
271   1557693872.9461787
272   1557693872.9719603
273   1557693873.0047548
275   1557693873.038685
276   1557693873.0700073
277   1557693873.1079257
279   1557693873.1381402
280   1557693873.1724608
282   1557693873.2017844
283   1557693873.2364328
284   1557693873.2682483
286   1557693873.298733
287   1557693873.3236804
288   1557693873.3563464
289   1557693873.386665
290   1557693873.4144585
291   1557693873.4375148
293   1557693873.4713173
294   1557693873.5081933
296   1557693873.5591302
298   1557693873.6082945
299   1557693873.6381953
300   1557693873.6747878
301   1557693873.7077653
301   1557693873.7318716
301   1557693873.756634
301   1557693873.7801192
301   1557693873.799302
301   1557693873.8258402
301   1557693873.858593
300   1557693873.8918698
298   1557693873.9274974
297   1557693873.9505126
296   1557693873.9760141
296   1557693873.9993994
295   1557693874.0243719
293   1557693874.060474
292   1557693874.0827165
291   1557693874.105286
291   1557693874.1241965
289   1557693874.1467576
289   1557693874.166477
288   1557693874.1826117
287   1557693874.205701
287   1557693874.2223582
286   1557693874.2426841
285   1557693874.2643385
284   1557693874.2811584
283   1557693874.3083456
282   1557693874.3294833
281   1557693874.3526058
280   1557693874.377733
279   1557693874.3980184
278   1557693874.4173958
278   1557693874.440556
277   1557693874.4618425
276   1557693874.4807181
275   1557693874.5001347
274   1557693874.521776
273   1557693874.5418136
272   1557693874.5673604
272   1557693874.5884557
271   1557693874.6078684
270   1557693874.6279643
269   1557693874.6520767
268   1557693874.673575
267   1557693874.694419
267   1557693874.7162988
266   1557693874.7353933
265   1557693874.7565122
264   1557693874.7766795
264   1557693874.7922306
262   1557693874.8118556
262   1557693874.8300595
261   1557693874.8516304
260   1557693874.8701255
259   1557693874.8920753
258   1557693874.9104831
258   1557693874.9276056
257   1557693874.944665
256   1557693874.9652078
256   1557693874.981333
255   1557693874.9993882
254   1557693875.0181437
253   1557693875.0361536
252   1557693875.066415
252   1557693875.0851173
251   1557693875.1027994
249   1557693875.1281347
248   1557693875.1487765
248   1557693875.1682777
247   1557693875.1882405
246   1557693875.209489
246   1557693875.226617
245   1557693875.2479587
244   1557693875.267882
243   1557693875.2845256
242   1557693875.3026211
241   1557693875.324035
241   1557693875.3406193
240   1557693875.360719
239   1557693875.385262
238   1557693875.4035873
237   1557693875.422606
236   1557693875.445378
236   1557693875.466004
235   1557693875.4832282
234   1557693875.5027285
233   1557693875.527158
232   1557693875.547365
231   1557693875.569233
231   1557693875.5886333
230   1557693875.6123781
229   1557693875.6394002
228   1557693875.6614122
227   1557693875.6823485
226   1557693875.6987941
226   1557693875.7183404
225   1557693875.737532
224   1557693875.7579863
223   1557693875.7767766
223   1557693875.7956767
223   1557693875.8111634
221   1557693875.8294313
220   1557693875.84663
220   1557693875.8692834
218   1557693875.8916512
218   1557693875.9131966
218   1557693875.9316826
217   1557693875.950545
216   1557693875.9687698
216   1557693875.9887216
216   1557693876.0063865
214   1557693876.024687
214   1557693876.040511
213   1557693876.0676918
212   1557693876.0873897
212   1557693876.1076913
211   1557693876.1284807
211   1557693876.147263
211   1557693876.1647751
210   1557693876.182369
209   1557693876.2018125
209   1557693876.2192905
208   1557693876.2386727
207   1557693876.258685
207   1557693876.2776492
206   1557693876.2953138
206   1557693876.3259976
205   1557693876.3471558
205   1557693876.364416
204   1557693876.3886075
204   1557693876.4088068
204   1557693876.4356658
203   1557693876.4611287
203   1557693876.484193
202   1557693876.5026252
202   1557693876.5203617
202   1557693876.5402968
201   1557693876.5622506
200   1557693876.58192
200   1557693876.5991077
200   1557693876.6162395
199   1557693876.6358025
199   1557693876.6552958
199   1557693876.6718154
199   1557693876.6924655
199   1557693876.716
198   1557693876.734674
198   1557693876.756522
198   1557693876.7763233
197   1557693876.7972002
197   1557693876.8183393
197   1557693876.8372796
196   1557693876.8573844
196   1557693876.8741632
196   1557693876.9000533
196   1557693876.918604
196   1557693876.9411273
196   1557693876.9604404
195   1557693876.980068
195   1557693877.0022397
195   1557693877.021917
194   1557693877.0407674
194   1557693877.0611894
194   1557693877.0791001
194   1557693877.1084347
194   1557693877.1300428
194   1557693877.1493304
194   1557693877.167432
193   1557693877.184718
193   1557693877.2084155
193   1557693877.2265747
192   1557693877.2476432
192   1557693877.2676818
192   1557693877.2864692
192   1557693877.3063762
192   1557693877.3275836
192   1557693877.349975
192   1557693877.3700578
191   1557693877.3920639
191   1557693877.4114025
191   1557693877.4301615
191   1557693877.44743
191   1557693877.467491
190   1557693877.4872208
190   1557693877.5071862
190   1557693877.5291994
190   1557693877.549675
190   1557693877.5692332
190   1557693877.5875247
190   1557693877.6114705
190   1557693877.6304727
190   1557693877.6480632
190   1557693877.6694887
189   1557693877.692727
189   1557693877.7193747
188   1557693877.745679
188   1557693877.7675796
188   1557693877.7843866
188   1557693877.80567
188   1557693877.82426
188   1557693877.84133
188   1557693877.8596551
188   1557693877.8765557
188   1557693877.897094
188   1557693877.9199727
188   1557693877.9365866
188   1557693877.9560616
188   1557693877.975272
188   1557693877.9941676
188   1557693878.0145514
188   1557693878.0331247
188   1557693878.049796
187   1557693878.0703754
187   1557693878.0893283
187   1557693878.112457
186   1557693878.1327353
186   1557693878.1592672
186   1557693878.1813097
186   1557693878.1982424
186   1557693878.2185085
186   1557693878.2359822
186   1557693878.2544224
186   1557693878.272015
186   1557693878.2892253
186   1557693878.3063278
186   1557693878.327883
186   1557693878.3484905
186   1557693878.3657527
186   1557693878.387344
186   1557693878.4024227
186   1557693878.425213
186   1557693878.4428053
186   1557693878.4613218
186   1557693878.4802315
186   1557693878.5023646
186   1557693878.5205748
185   1557693878.54528
185   1557693878.5647013
185   1557693878.584805
185   1557693878.6063573
185   1557693878.6232233
185   1557693878.641392
185   1557693878.6594188
185   1557693878.6779745
185   1557693878.6947942
185   1557693878.7102716
185   1557693878.734315
185   1557693878.7504258
185   1557693878.7694144
185   1557693878.7874508
185   1557693878.8076332
185   1557693878.8242357
185   1557693878.8443363
184   1557693878.8642714
184   1557693878.8887444
184   1557693878.9067314
184   1557693878.925223
184   1557693878.9467556
184   1557693878.9644742
184   1557693878.9802442
184   1557693878.9994912
184   1557693879.016113
184   1557693879.032006
184   1557693879.0501237
184   1557693879.0693088
184   1557693879.0863783
184   1557693879.108018
184   1557693879.1345198
184   1557693879.1541755
184   1557693879.170504
184   1557693879.1901958
184   1557693879.2095387
184   1557693879.2261589
183   1557693879.2460868
183   1557693879.2663298
183   1557693879.2827928
183   1557693879.3007364
183   1557693879.318247
183   1557693879.3360612
183   1557693879.3559382
183   1557693879.3707728
183   1557693879.3936286
183   1557693879.4098043
183   1557693879.4267488
183   1557693879.443701
183   1557693879.463182
183   1557693879.4794989
183   1557693879.4975023
183   1557693879.5127661
183   1557693879.53725
183   1557693879.5584848
183   1557693879.578454
182   1557693879.6091938
182   1557693879.627509
182   1557693879.6473868
182   1557693879.665804
182   1557693879.6807697
182   1557693879.6987264
182   1557693879.7163968
182   1557693879.732496
182   1557693879.7546413
182   1557693879.7777512
182   1557693879.8007395
182   1557693879.8210888
182   1557693879.8384814
182   1557693879.8592432
182   1557693879.8759367
182   1557693879.8968055
182   1557693879.914342
182   1557693879.9353383
182   1557693879.9531634
182   1557693879.9717674
182   1557693879.9879224
182   1557693880.0061915
182   1557693880.0226119
182   1557693880.0404499
182   1557693880.0601397
182   1557693880.0778239
182   1557693880.0966814
182   1557693880.1217773
182   1557693880.1394246
182   1557693880.159984
182   1557693880.179361
182   1557693880.196006
182   1557693880.2131414
182   1557693880.2305555
182   1557693880.248052
182   1557693880.2666037
182   1557693880.2825363
182   1557693880.3002224
182   1557693880.320218
182   1557693880.3417952
182   1557693880.3630655
181   1557693880.3802705
181   1557693880.4023385
181   1557693880.4213727
181   1557693880.4393725
181   1557693880.4572875
181   1557693880.4766681
181   1557693880.494118
181   1557693880.510157
181   1557693880.5273511
181   1557693880.544237
181   1557693880.5642042
181   1557693880.581087
181   1557693880.597188
181   1557693880.6161785
181   1557693880.6313913
181   1557693880.6484401
181   1557693880.6676118
181   1557693880.6853561
181   1557693880.7007241
181   1557693880.7185783
181   1557693880.7400684
181   1557693880.7582664
181   1557693880.7757738
181   1557693880.7944872
181   1557693880.809807
181   1557693880.8278995
181   1557693880.8442435
181   1557693880.86279
181   1557693880.880416
181   1557693880.900376
181   1557693880.9176927
181   1557693880.9362316
181   1557693880.9520445
181   1557693880.970136
181   1557693880.9887798
181   1557693881.0061252
181   1557693881.0221925
181   1557693881.040723
181   1557693881.0580854
181   1557693881.076106
181   1557693881.0919816
181   1557693881.109873
181   1557693881.13608
181   1557693881.1522925
181   1557693881.17129
181   1557693881.188607
181   1557693881.206277
181   1557693881.223117
181   1557693881.2411723
181   1557693881.2582066
181   1557693881.2760546
181   1557693881.2943795
181   1557693881.3103814
181   1557693881.3268003
181   1557693881.3466325
181   1557693881.3628094
181   1557693881.380778
181   1557693881.4023447
181   1557693881.4193754
181   1557693881.436579
181   1557693881.455092
181   1557693881.4717274
181   1557693881.4896808
181   1557693881.5074463
181   1557693881.5236566
181   1557693881.546769
181   1557693881.565921
181   1557693881.58107
181   1557693881.6004436
181   1557693881.6174138
181   1557693881.6353085
181   1557693881.6540911
181   1557693881.670474
181   1557693881.6879134
181   1557693881.7053308
181   1557693881.7231681
181   1557693881.7417293
181   1557693881.7597842
181   1557693881.7776012
181   1557693881.7961566
181   1557693881.812581
181   1557693881.8315241
181   1557693881.858694
181   1557693881.8844604
181   1557693881.9165812
181   1557693881.940022
