0   1557866435.446371
0   1557866435.462172
0   1557866435.479966
0   1557866435.54089
1   1557866435.58958
3   1557866435.629642
5   1557866435.6750848
7   1557866435.7151384
9   1557866435.7696185
11   1557866435.8095143
13   1557866435.8538492
15   1557866435.8979306
17   1557866435.948938
19   1557866435.990174
21   1557866436.0301187
23   1557866436.0750089
25   1557866436.1144927
26   1557866436.1566083
28   1557866436.2018528
30   1557866436.2425568
32   1557866436.2803488
34   1557866436.3199997
35   1557866436.3665247
37   1557866436.400708
39   1557866436.4390209
40   1557866436.4698386
41   1557866436.5064075
43   1557866436.5518522
45   1557866436.5923681
46   1557866436.629906
48   1557866436.6710548
49   1557866436.7021914
51   1557866436.7488825
53   1557866436.7881627
54   1557866436.8221102
56   1557866436.8521194
57   1557866436.8950884
59   1557866436.9386015
61   1557866436.9729576
62   1557866437.0026298
64   1557866437.044806
65   1557866437.0810502
67   1557866437.1196396
68   1557866437.1609132
70   1557866437.1970897
71   1557866437.2330978
73   1557866437.2642882
74   1557866437.2936156
75   1557866437.3299592
77   1557866437.3698382
79   1557866437.420345
81   1557866437.4700367
82   1557866437.5024335
83   1557866437.5338233
85   1557866437.5823886
87   1557866437.6144586
88   1557866437.6402552
89   1557866437.6650667
90   1557866437.7003715
92   1557866437.7295074
93   1557866437.7649426
95   1557866437.8028128
96   1557866437.8390074
98   1557866437.86805
99   1557866437.9047394
100   1557866437.9335837
102   1557866437.9748263
104   1557866438.0057662
105   1557866438.039032
106   1557866438.073729
108   1557866438.1080132
109   1557866438.1434097
111   1557866438.180736
113   1557866438.2135441
114   1557866438.2524393
116   1557866438.2851484
117   1557866438.3145432
118   1557866438.3537524
120   1557866438.3869624
121   1557866438.4201844
122   1557866438.456396
124   1557866438.4867966
125   1557866438.5211055
127   1557866438.5528417
129   1557866438.59699
130   1557866438.6338081
132   1557866438.6685934
133   1557866438.6967297
134   1557866438.7268968
136   1557866438.7618978
137   1557866438.795762
139   1557866438.8282793
140   1557866438.8611615
141   1557866438.8842828
143   1557866438.916771
144   1557866438.9495263
145   1557866438.9767723
147   1557866439.0041602
148   1557866439.036748
149   1557866439.0640166
150   1557866439.0905056
152   1557866439.1210713
154   1557866439.1651397
155   1557866439.1902132
157   1557866439.2225268
158   1557866439.2480457
159   1557866439.2786336
160   1557866439.3069494
162   1557866439.3376446
163   1557866439.3611252
164   1557866439.3965077
166   1557866439.429904
167   1557866439.457001
169   1557866439.499595
171   1557866439.54115
173   1557866439.5879927
175   1557866439.6195397
176   1557866439.6500041
177   1557866439.674973
178   1557866439.703864
180   1557866439.734769
181   1557866439.7636032
183   1557866439.7947562
184   1557866439.8279872
185   1557866439.8551397
186   1557866439.8850813
188   1557866439.9167297
190   1557866439.958807
191   1557866439.9881225
192   1557866440.018169
194   1557866440.0521111
195   1557866440.0842288
197   1557866440.112564
198   1557866440.1465995
199   1557866440.1735198
201   1557866440.2034752
202   1557866440.2387998
203   1557866440.264802
205   1557866440.2942255
206   1557866440.324703
207   1557866440.3637412
209   1557866440.3939838
210   1557866440.4238002
211   1557866440.4514527
212   1557866440.481052
214   1557866440.5117223
215   1557866440.5436242
216   1557866440.5687578
218   1557866440.605066
219   1557866440.6338573
222   1557866440.6983566
223   1557866440.7336671
225   1557866440.772574
226   1557866440.8034682
227   1557866440.831965
228   1557866440.860959
230   1557866440.892223
231   1557866440.9279377
232   1557866440.9550977
233   1557866440.9824936
234   1557866441.0121486
236   1557866441.0463564
237   1557866441.080424
238   1557866441.1089237
240   1557866441.1422768
242   1557866441.1929657
243   1557866441.231143
245   1557866441.2625163
246   1557866441.291669
247   1557866441.3258142
248   1557866441.3544085
250   1557866441.3834565
251   1557866441.4134202
252   1557866441.44261
254   1557866441.4757402
255   1557866441.5024908
256   1557866441.5366406
259   1557866441.5988066
261   1557866441.6365757
262   1557866441.6688745
263   1557866441.694607
264   1557866441.7235963
266   1557866441.7535045
267   1557866441.787659
268   1557866441.8143106
271   1557866441.8809485
273   1557866441.944133
276   1557866442.005724
280   1557866442.0982265
282   1557866442.1502926
285   1557866442.2108216
288   1557866442.2785995
290   1557866442.33164
293   1557866442.4097512
296   1557866442.4685373
297   1557866442.5043194
298   1557866442.5334527
299   1557866442.5651393
299   1557866442.5918038
299   1557866442.6305747
299   1557866442.647701
299   1557866442.6740823
298   1557866442.7044735
298   1557866442.7301066
297   1557866442.764576
296   1557866442.7822757
295   1557866442.804496
294   1557866442.8283055
294   1557866442.8468192
292   1557866442.869846
291   1557866442.8981464
290   1557866442.9211614
289   1557866442.9423945
289   1557866442.9602506
288   1557866442.9789338
287   1557866442.9999764
286   1557866443.0206568
286   1557866443.0397468
285   1557866443.060273
284   1557866443.0791545
283   1557866443.0968277
283   1557866443.1167133
281   1557866443.1377046
280   1557866443.162034
280   1557866443.1831458
279   1557866443.2009766
278   1557866443.225027
278   1557866443.2421427
277   1557866443.2628517
276   1557866443.2805088
275   1557866443.2997932
274   1557866443.320945
273   1557866443.3409011
272   1557866443.3608358
272   1557866443.3844213
271   1557866443.4026866
270   1557866443.4246533
269   1557866443.4428592
268   1557866443.4617722
267   1557866443.4969893
266   1557866443.5182834
265   1557866443.5347388
265   1557866443.5511622
264   1557866443.576875
263   1557866443.5937047
263   1557866443.610158
261   1557866443.640989
260   1557866443.6650276
259   1557866443.6890965
258   1557866443.7068245
258   1557866443.7270474
257   1557866443.7421339
256   1557866443.7591305
255   1557866443.7808993
254   1557866443.7998827
254   1557866443.8150797
254   1557866443.8350816
252   1557866443.85499
251   1557866443.874735
251   1557866443.8911002
250   1557866443.909588
249   1557866443.9298418
248   1557866443.9504595
247   1557866443.9737937
247   1557866443.9936535
246   1557866444.0122828
245   1557866444.0320988
244   1557866444.0506003
243   1557866444.0691109
243   1557866444.0858138
242   1557866444.1040862
241   1557866444.1218765
240   1557866444.1409578
239   1557866444.1609595
239   1557866444.182538
237   1557866444.2017312
237   1557866444.2211478
236   1557866444.2451556
235   1557866444.2631187
234   1557866444.2811182
234   1557866444.2990036
233   1557866444.3151007
232   1557866444.33653
232   1557866444.3540113
231   1557866444.3747926
230   1557866444.3923035
229   1557866444.4098234
228   1557866444.4296038
227   1557866444.4500568
226   1557866444.47257
226   1557866444.4923067
225   1557866444.508696
224   1557866444.5280442
223   1557866444.5465212
223   1557866444.5650618
223   1557866444.5808277
223   1557866444.5983047
223   1557866444.6149383
220   1557866444.6399398
219   1557866444.6567705
219   1557866444.672404
218   1557866444.6929765
217   1557866444.7104082
216   1557866444.728895
216   1557866444.7489908
216   1557866444.7728515
215   1557866444.7901306
215   1557866444.8095863
214   1557866444.8280628
214   1557866444.8451307
214   1557866444.8610222
213   1557866444.879836
212   1557866444.8979201
211   1557866444.9178588
211   1557866444.9380493
210   1557866444.9565768
210   1557866444.9723244
209   1557866444.9902534
209   1557866445.009781
209   1557866445.0287318
208   1557866445.0480611
208   1557866445.0662684
208   1557866445.084284
207   1557866445.1018558
207   1557866445.1200492
206   1557866445.1391115
206   1557866445.1585612
205   1557866445.1822753
205   1557866445.202223
204   1557866445.2208762
204   1557866445.2367172
204   1557866445.2580674
204   1557866445.2750201
204   1557866445.2921243
203   1557866445.3108032
203   1557866445.3300877
203   1557866445.348791
202   1557866445.3678966
202   1557866445.3869145
201   1557866445.404113
201   1557866445.4240274
201   1557866445.451127
201   1557866445.4696124
201   1557866445.4885867
201   1557866445.507901
201   1557866445.5245726
201   1557866445.5447633
201   1557866445.564384
200   1557866445.5869296
200   1557866445.6030047
199   1557866445.6231472
199   1557866445.6450994
198   1557866445.6649704
198   1557866445.6835933
198   1557866445.7145576
198   1557866445.7425385
198   1557866445.7687159
198   1557866445.78795
198   1557866445.8028343
198   1557866445.822948
198   1557866445.8397145
198   1557866445.8570719
197   1557866445.8749442
197   1557866445.8916066
197   1557866445.9070246
195   1557866445.9310153
195   1557866445.9508405
195   1557866445.9747298
195   1557866445.9918497
195   1557866446.0104384
194   1557866446.032048
194   1557866446.050752
194   1557866446.0703728
194   1557866446.0887444
194   1557866446.1050215
194   1557866446.126741
194   1557866446.1479783
194   1557866446.164519
193   1557866446.1865914
193   1557866446.2043633
193   1557866446.224815
192   1557866446.24228
192   1557866446.258214
192   1557866446.276918
192   1557866446.2936776
192   1557866446.309623
192   1557866446.330789
192   1557866446.3485065
192   1557866446.3663585
191   1557866446.3894916
191   1557866446.4077532
191   1557866446.4281013
191   1557866446.4442997
191   1557866446.4629657
190   1557866446.4839997
190   1557866446.5010679
190   1557866446.5205996
190   1557866446.5409882
190   1557866446.5580795
190   1557866446.5746396
190   1557866446.591743
190   1557866446.6108546
190   1557866446.6299758
189   1557866446.652542
189   1557866446.6758564
189   1557866446.6940887
188   1557866446.712173
188   1557866446.7307189
188   1557866446.749012
188   1557866446.764038
188   1557866446.785709
188   1557866446.802558
188   1557866446.820574
188   1557866446.8379407
188   1557866446.8537047
188   1557866446.870287
188   1557866446.8883328
188   1557866446.9035826
188   1557866446.9244034
188   1557866446.940757
188   1557866446.9586325
188   1557866446.974533
188   1557866446.9937673
187   1557866447.0114968
187   1557866447.0406628
186   1557866447.060236
186   1557866447.0764039
186   1557866447.094469
186   1557866447.1121922
186   1557866447.1335227
186   1557866447.150181
186   1557866447.1649551
186   1557866447.1880274
186   1557866447.2043679
186   1557866447.2214873
186   1557866447.2386913
186   1557866447.254736
186   1557866447.2705326
186   1557866447.2879584
186   1557866447.3026414
186   1557866447.320832
186   1557866447.3380601
186   1557866447.3539004
186   1557866447.3702216
186   1557866447.389961
186   1557866447.4062715
186   1557866447.4264152
186   1557866447.444323
186   1557866447.46341
186   1557866447.479873
185   1557866447.4978652
185   1557866447.514836
185   1557866447.5328736
184   1557866447.5518613
184   1557866447.5726864
184   1557866447.5937276
184   1557866447.6102817
184   1557866447.6280982
184   1557866447.6450384
184   1557866447.660904
184   1557866447.6770356
184   1557866447.6935103
184   1557866447.7104158
184   1557866447.732003
184   1557866447.7502825
184   1557866447.7650144
184   1557866447.78698
184   1557866447.8115034
184   1557866447.834173
184   1557866447.8530772
184   1557866447.8700416
184   1557866447.8848724
184   1557866447.902624
184   1557866447.9203978
184   1557866447.9370263
184   1557866447.953078
184   1557866447.9705687
184   1557866447.9903955
184   1557866448.008121
184   1557866448.0263715
184   1557866448.0417714
184   1557866448.0594275
184   1557866448.0765069
184   1557866448.094068
184   1557866448.112369
184   1557866448.133068
184   1557866448.1547818
184   1557866448.17217
184   1557866448.190598
184   1557866448.2116308
184   1557866448.2300925
184   1557866448.2471013
183   1557866448.269899
183   1557866448.2880013
183   1557866448.304837
183   1557866448.324765
183   1557866448.3461888
182   1557866448.363399
182   1557866448.3835945
183   1557866448.404228
183   1557866448.4222434
183   1557866448.4385223
183   1557866448.4568696
183   1557866448.4722981
183   1557866448.488136
183   1557866448.504132
183   1557866448.523591
183   1557866448.53972
183   1557866448.5587466
183   1557866448.5744948
183   1557866448.5923712
183   1557866448.6108122
183   1557866448.62885
183   1557866448.6438768
183   1557866448.6617472
183   1557866448.6769218
183   1557866448.691977
182   1557866448.708822
182   1557866448.7290208
182   1557866448.7483623
182   1557866448.7648947
182   1557866448.7868652
182   1557866448.8088083
182   1557866448.8276987
182   1557866448.8441322
182   1557866448.860732
182   1557866448.8777642
182   1557866448.893475
182   1557866448.9099061
182   1557866448.9275541
182   1557866448.944596
182   1557866448.959608
182   1557866448.9785802
182   1557866448.996349
182   1557866449.0120285
182   1557866449.0388012
182   1557866449.0538714
182   1557866449.0748963
182   1557866449.0904598
182   1557866449.1082747
182   1557866449.1263285
182   1557866449.1420534
182   1557866449.1566741
182   1557866449.1731315
182   1557866449.1935813
182   1557866449.20868
182   1557866449.2268963
182   1557866449.2447302
182   1557866449.2611253
182   1557866449.284447
182   1557866449.3029027
182   1557866449.3195834
182   1557866449.3397171
182   1557866449.3567607
182   1557866449.374911
182   1557866449.392135
182   1557866449.4079103
181   1557866449.4331355
181   1557866449.450524
181   1557866449.4689367
181   1557866449.4851456
181   1557866449.5034997
181   1557866449.5205746
181   1557866449.5390253
181   1557866449.556313
181   1557866449.5721226
181   1557866449.5921757
181   1557866449.6097946
181   1557866449.6279707
181   1557866449.6435876
181   1557866449.659847
181   1557866449.6783493
181   1557866449.6934462
181   1557866449.7098248
181   1557866449.726614
181   1557866449.7443612
181   1557866449.7603672
181   1557866449.776777
181   1557866449.7943645
181   1557866449.8108468
181   1557866449.8276854
181   1557866449.8443236
181   1557866449.8707802
181   1557866449.8919778
181   1557866449.9146304
181   1557866449.9388294
181   1557866449.956509
181   1557866449.9735837
181   1557866449.9943466
181   1557866450.0102198
181   1557866450.0281742
181   1557866450.044946
181   1557866450.0616531
181   1557866450.078144
181   1557866450.0946755
181   1557866450.1119237
181   1557866450.13008
181   1557866450.1465461
181   1557866450.1622574
181   1557866450.1797178
181   1557866450.1956875
181   1557866450.2124038
181   1557866450.2308106
181   1557866450.247638
181   1557866450.263434
181   1557866450.279151
181   1557866450.297079
181   1557866450.3125663
181   1557866450.3302855
181   1557866450.346643
181   1557866450.3636546
181   1557866450.379846
181   1557866450.4000483
181   1557866450.4185832
181   1557866450.4341893
181   1557866450.4507513
181   1557866450.468547
181   1557866450.4849553
181   1557866450.5028791
181   1557866450.5197558
181   1557866450.5364141
181   1557866450.553681
181   1557866450.5702724
181   1557866450.588037
181   1557866450.6047356
181   1557866450.623822
181   1557866450.6428123
181   1557866450.6610305
181   1557866450.6798987
181   1557866450.6969538
181   1557866450.7146327
180   1557866450.7336087
180   1557866450.751884
180   1557866450.7678494
180   1557866450.7840827
180   1557866450.8064792
180   1557866450.8241944
180   1557866450.8398457
180   1557866450.8569212
180   1557866450.879168
180   1557866450.894421
180   1557866451.4164124
