0   1557693426.508239
0   1557693426.5251863
0   1557693426.5425963
0   1557693426.5994318
1   1557693426.6458127
3   1557693426.6919296
5   1557693426.7346337
7   1557693426.7824757
9   1557693426.8361926
11   1557693426.8807065
13   1557693426.930361
15   1557693426.9817603
16   1557693427.0180886
18   1557693427.0551836
20   1557693427.1053114
22   1557693427.1501646
24   1557693427.1952283
25   1557693427.2345665
27   1557693427.2796404
29   1557693427.3266277
31   1557693427.378595
33   1557693427.4193397
35   1557693427.4627197
36   1557693427.4976912
38   1557693427.5381496
40   1557693427.5912688
42   1557693427.6266513
43   1557693427.661292
45   1557693427.699244
46   1557693427.7382035
48   1557693427.7866154
50   1557693427.8276417
51   1557693427.8663375
53   1557693427.9065986
55   1557693427.943136
56   1557693427.976657
57   1557693428.011658
59   1557693428.0504553
61   1557693428.0976713
63   1557693428.1388092
65   1557693428.1904876
66   1557693428.2282352
68   1557693428.2570114
69   1557693428.2926028
71   1557693428.3285573
72   1557693428.3680198
74   1557693428.4077024
76   1557693428.4611516
78   1557693428.5005047
79   1557693428.5332165
82   1557693428.5952296
83   1557693428.6274505
85   1557693428.6585724
86   1557693428.6986566
88   1557693428.7373068
89   1557693428.7674212
91   1557693428.8056712
93   1557693428.8525755
95   1557693428.892602
96   1557693428.9324052
98   1557693428.9767332
100   1557693429.009515
101   1557693429.0458045
103   1557693429.0819125
104   1557693429.111805
105   1557693429.1404996
107   1557693429.1804445
109   1557693429.22206
111   1557693429.2630563
112   1557693429.2944982
114   1557693429.3325808
115   1557693429.3778036
117   1557693429.4195096
119   1557693429.4566326
120   1557693429.496427
122   1557693429.5295515
123   1557693429.5660775
125   1557693429.6107192
127   1557693429.6504366
129   1557693429.6892712
130   1557693429.7288043
132   1557693429.7625172
133   1557693429.8003566
135   1557693429.8361633
136   1557693429.8665848
137   1557693429.8978722
139   1557693429.9299417
140   1557693429.9563305
141   1557693429.9877925
142   1557693430.0172544
143   1557693430.0453343
144   1557693430.0692463
146   1557693430.1027362
147   1557693430.1343167
148   1557693430.1632223
150   1557693430.2005913
151   1557693430.2264252
152   1557693430.2547889
154   1557693430.2826889
155   1557693430.3084383
156   1557693430.3405116
157   1557693430.3653622
159   1557693430.39243
160   1557693430.421905
161   1557693430.452009
163   1557693430.4899328
165   1557693430.536805
166   1557693430.5684192
168   1557693430.6166074
170   1557693430.6472168
171   1557693430.67038
172   1557693430.6988046
173   1557693430.7281551
175   1557693430.758514
176   1557693430.786306
177   1557693430.8186574
179   1557693430.8593888
