0   1557866301.7951612
0   1557866301.8130302
0   1557866301.8307316
0   1557866301.8683083
1   1557866301.9099913
3   1557866301.9735267
5   1557866302.0169961
7   1557866302.0803967
9   1557866302.1246858
11   1557866302.1721497
14   1557866302.2424123
16   1557866302.2848468
18   1557866302.3302743
20   1557866302.380568
22   1557866302.424564
24   1557866302.4688108
26   1557866302.508873
28   1557866302.552819
30   1557866302.5950785
32   1557866302.6437945
34   1557866302.6786504
35   1557866302.7167895
37   1557866302.7648313
39   1557866302.8138168
41   1557866302.8547637
43   1557866302.8936589
45   1557866302.9368126
46   1557866302.97286
48   1557866303.016422
49   1557866303.0525846
51   1557866303.0904062
52   1557866303.1248872
55   1557866303.1810997
56   1557866303.2208383
58   1557866303.2588289
60   1557866303.2966783
61   1557866303.3408287
63   1557866303.3806844
65   1557866303.4180918
66   1557866303.4579952
68   1557866303.4903462
69   1557866303.5277903
71   1557866303.570422
73   1557866303.6102014
74   1557866303.6406348
75   1557866303.6688824
76   1557866303.700747
78   1557866303.7330449
79   1557866303.7646422
80   1557866303.79501
82   1557866303.8342311
83   1557866303.868647
85   1557866303.9045677
86   1557866303.9403145
88   1557866303.9830453
89   1557866304.019636
91   1557866304.0467355
92   1557866304.07868
93   1557866304.1061673
95   1557866304.1398787
96   1557866304.1746168
98   1557866304.2142677
100   1557866304.2521782
102   1557866304.3147643
105   1557866304.3738964
107   1557866304.4138699
109   1557866304.4488106
110   1557866304.4786017
112   1557866304.5165381
113   1557866304.5486448
115   1557866304.582836
116   1557866304.6094804
118   1557866304.6442518
119   1557866304.6796765
121   1557866304.7108257
122   1557866304.7407713
124   1557866304.782149
125   1557866304.8150723
127   1557866304.8500907
128   1557866304.8829446
130   1557866304.919899
131   1557866304.9487445
132   1557866304.9804437
134   1557866305.0081522
135   1557866305.0422845
136   1557866305.069035
138   1557866305.1005595
139   1557866305.1286077
140   1557866305.1648421
142   1557866305.2009268
143   1557866305.2370393
144   1557866305.2628005
146   1557866305.292224
147   1557866305.3189898
149   1557866305.3587685
150   1557866305.3904517
151   1557866305.4208746
152   1557866305.448985
154   1557866305.4797256
155   1557866305.510411
156   1557866305.5404425
158   1557866305.5785937
159   1557866305.6124084
161   1557866305.6428087
162   1557866305.665138
163   1557866305.699874
164   1557866305.7285442
166   1557866305.7604768
167   1557866305.7891243
168   1557866305.8180156
170   1557866305.848879
171   1557866305.8774774
172   1557866305.9068902
173   1557866305.9345717
175   1557866305.9708009
176   1557866306.003033
178   1557866306.0298448
179   1557866306.0618937
182   1557866306.5996532
