0   1557693781.1081777
0   1557693781.1279657
0   1557693781.150349
0   1557693781.1965349
1   1557693781.2579157
3   1557693781.3020172
6   1557693781.3545218
8   1557693781.3985767
9   1557693781.4362767
12   1557693781.487883
14   1557693781.53421
16   1557693781.5837455
19   1557693781.6452343
21   1557693781.6872725
22   1557693781.7277493
24   1557693781.7766137
26   1557693781.810277
27   1557693781.8561149
29   1557693781.898661
32   1557693781.9526298
33   1557693781.9895313
35   1557693782.0466986
38   1557693782.0984614
40   1557693782.1583576
42   1557693782.1993082
43   1557693782.233234
45   1557693782.2826288
47   1557693782.321239
49   1557693782.3623095
51   1557693782.4076824
53   1557693782.4500854
54   1557693782.4861166
55   1557693782.5259562
57   1557693782.5613396
59   1557693782.6027293
61   1557693782.6483355
62   1557693782.6845608
63   1557693782.721882
65   1557693782.7646558
67   1557693782.7945135
68   1557693782.8317587
69   1557693782.8624284
71   1557693782.8972754
72   1557693782.9223752
74   1557693782.9590616
75   1557693782.9865663
76   1557693783.0201018
78   1557693783.054125
79   1557693783.0860639
81   1557693783.1279876
83   1557693783.173088
84   1557693783.2100444
86   1557693783.2551806
88   1557693783.2902958
89   1557693783.3243787
91   1557693783.3625631
92   1557693783.3978653
94   1557693783.4313815
95   1557693783.4641817
97   1557693783.4943004
98   1557693783.5366075
100   1557693783.578538
102   1557693783.6211624
104   1557693783.6686666
106   1557693783.7117724
107   1557693783.7464833
109   1557693783.7806914
110   1557693783.8178685
112   1557693783.856232
113   1557693783.8936775
115   1557693783.9379368
117   1557693783.9753911
118   1557693784.016296
120   1557693784.060336
122   1557693784.102181
124   1557693784.1592767
126   1557693784.2082677
128   1557693784.2428107
129   1557693784.2843986
131   1557693784.3214133
132   1557693784.3553615
134   1557693784.3888044
135   1557693784.422446
137   1557693784.4547899
138   1557693784.4879162
139   1557693784.512629
140   1557693784.542477
141   1557693784.5646436
142   1557693784.5926013
144   1557693784.6203747
145   1557693784.654807
146   1557693784.6821918
148   1557693784.7147477
149   1557693784.7479773
150   1557693784.783025
152   1557693784.8123317
153   1557693784.8526678
155   1557693784.884121
155   1557693784.9087088
157   1557693784.9373543
158   1557693784.9653802
159   1557693784.9951806
160   1557693785.0260773
162   1557693785.0580456
163   1557693785.0891366
164   1557693785.1271062
166   1557693785.157969
168   1557693785.1972163
169   1557693785.2272844
171   1557693785.266534
172   1557693785.2982144
173   1557693785.3227835
174   1557693785.3524716
175   1557693785.3812215
177   1557693785.4131606
178   1557693785.448169
