1   1557693310.359122
1   1557693310.3758147
1   1557693310.3923507
1   1557693310.4106033
1   1557693310.4278228
1   1557693310.4595082
2   1557693310.4962628
4   1557693310.5374954
5   1557693310.568039
7   1557693310.621658
9   1557693310.6593096
10   1557693310.6847289
12   1557693310.719346
13   1557693310.7475493
14   1557693310.7719445
15   1557693310.8018167
16   1557693310.8275807
18   1557693310.8573623
19   1557693310.8856816
20   1557693310.9146829
21   1557693310.943231
23   1557693310.9723725
24   1557693310.9990635
25   1557693311.0307586
27   1557693311.064505
28   1557693311.09916
30   1557693311.1286874
31   1557693311.160448
32   1557693311.1857038
33   1557693311.214679
34   1557693311.2423594
36   1557693311.2742894
37   1557693311.301264
38   1557693311.3318615
40   1557693311.3625119
41   1557693311.3893907
42   1557693311.4232082
44   1557693311.456779
45   1557693311.4802432
46   1557693311.504397
47   1557693311.5401807
49   1557693311.5719376
50   1557693311.6045022
51   1557693311.6359668
53   1557693311.6646566
54   1557693311.6900828
55   1557693311.718067
56   1557693311.7425683
57   1557693311.7700095
58   1557693311.8004951
60   1557693311.8376122
61   1557693311.8700087
62   1557693311.8970807
64   1557693311.9287045
65   1557693311.9624784
67   1557693312.0044055
68   1557693312.0351875
69   1557693312.0646436
71   1557693312.1001256
72   1557693312.1322098
73   1557693312.16233
75   1557693312.1951694
76   1557693312.231807
77   1557693312.266756
79   1557693312.2965567
80   1557693312.3274775
81   1557693312.3581042
83   1557693312.3876328
83   1557693312.4105554
85   1557693312.4424498
86   1557693312.4725466
87   1557693312.5052977
89   1557693312.5430553
90   1557693312.573155
92   1557693312.6272337
94   1557693312.6602952
95   1557693312.6902165
96   1557693312.7163997
98   1557693312.7442312
99   1557693312.7720144
100   1557693312.8020272
101   1557693312.8293228
103   1557693312.8602493
104   1557693312.8943655
105   1557693312.9224792
106   1557693312.954349
108   1557693312.9817722
109   1557693313.008617
110   1557693313.0404115
111   1557693313.0703914
113   1557693313.1065495
114   1557693313.1318047
116   1557693313.1612308
117   1557693313.189847
118   1557693313.219116
119   1557693313.2494392
120   1557693313.2746737
122   1557693313.3036957
123   1557693313.331702
124   1557693313.3585522
125   1557693313.3885982
126   1557693313.424543
128   1557693313.4617844
129   1557693313.4895074
130   1557693313.518081
132   1557693313.557374
133   1557693313.5963457
135   1557693313.6291497
136   1557693313.6604064
138   1557693313.692035
139   1557693313.721157
140   1557693313.7496994
141   1557693313.776679
142   1557693313.799798
144   1557693313.841447
145   1557693313.8672972
146   1557693313.8963573
147   1557693313.9221766
148   1557693313.9461052
150   1557693313.978538
151   1557693314.0116732
153   1557693314.050764
155   1557693314.0959172
156   1557693314.1272779
157   1557693314.1562247
158   1557693314.1832244
160   1557693314.218206
162   1557693314.2579963
163   1557693314.2876856
164   1557693314.3178062
165   1557693314.3431587
166   1557693314.371299
167   1557693314.399062
168   1557693314.424744
170   1557693314.4500487
171   1557693314.4761045
172   1557693314.4980385
173   1557693314.521907
174   1557693314.547599
175   1557693314.5794222
176   1557693314.6117332
178   1557693314.6531632
180   1557693314.6885464
