1   1557693197.3087504
1   1557693197.3277886
1   1557693197.3446686
1   1557693197.3690665
1   1557693197.4141412
2   1557693197.4479852
4   1557693197.494308
6   1557693197.535187
7   1557693197.5762377
8   1557693197.6043742
10   1557693197.6377628
11   1557693197.6696823
12   1557693197.704773
14   1557693197.7346826
15   1557693197.7686148
17   1557693197.8017595
18   1557693197.8396432
20   1557693197.8853233
21   1557693197.916586
23   1557693197.9464884
24   1557693197.9797
26   1557693198.016409
27   1557693198.045273
28   1557693198.0774865
29   1557693198.104322
30   1557693198.1266763
32   1557693198.1566088
33   1557693198.191525
34   1557693198.2245347
36   1557693198.2541995
38   1557693198.290698
39   1557693198.3262732
41   1557693198.3547244
42   1557693198.3878362
44   1557693198.4259279
45   1557693198.4505847
46   1557693198.4817996
48   1557693198.5143957
49   1557693198.5473096
50   1557693198.5825622
52   1557693198.6293414
54   1557693198.6643069
56   1557693198.7112727
57   1557693198.7405946
58   1557693198.7775512
60   1557693198.8164268
62   1557693198.8483293
63   1557693198.8787282
64   1557693198.9086385
65   1557693198.9398246
66   1557693198.964359
68   1557693198.9917226
69   1557693199.0205452
70   1557693199.0505505
71   1557693199.0886297
73   1557693199.1180747
74   1557693199.146096
75   1557693199.1763635
77   1557693199.2126098
78   1557693199.2417283
80   1557693199.2793336
81   1557693199.3074682
82   1557693199.33945
83   1557693199.3678682
85   1557693199.3987763
86   1557693199.4405596
87   1557693199.4673412
89   1557693199.5022743
90   1557693199.534573
91   1557693199.5645669
93   1557693199.600207
94   1557693199.642732
96   1557693199.6794627
98   1557693199.7177935
99   1557693199.7471166
100   1557693199.778289
101   1557693199.806503
102   1557693199.8357427
104   1557693199.8645914
105   1557693199.900135
106   1557693199.9290686
108   1557693199.9603322
109   1557693199.9882991
110   1557693200.020434
111   1557693200.052369
113   1557693200.0813653
114   1557693200.1061954
115   1557693200.1330974
116   1557693200.1592245
117   1557693200.1886008
119   1557693200.2231138
120   1557693200.2502615
121   1557693200.2801557
123   1557693200.3183782
124   1557693200.3496838
125   1557693200.3799381
127   1557693200.4103298
128   1557693200.448
129   1557693200.4752622
131   1557693200.505627
132   1557693200.5324533
133   1557693200.5662165
135   1557693200.609996
136   1557693200.6373978
138   1557693200.6693926
139   1557693200.7107203
140   1557693200.7304275
141   1557693200.7644608
143   1557693200.7958145
144   1557693200.8252373
145   1557693200.8526804
146   1557693200.8799553
147   1557693200.9084435
148   1557693200.937779
150   1557693200.967572
151   1557693201.0006642
152   1557693201.029193
153   1557693201.0566962
155   1557693201.0892782
156   1557693201.1282067
158   1557693201.158131
159   1557693201.1878827
161   1557693201.2274528
162   1557693201.261144
163   1557693201.2892625
164   1557693201.315966
166   1557693201.3472652
167   1557693201.3760629
168   1557693201.4014006
170   1557693201.4390812
171   1557693201.467902
172   1557693201.5011034
174   1557693201.5330815
175   1557693201.5627575
176   1557693201.5895076
177   1557693201.6141717
178   1557693201.6459317
