0   1557693588.6936502
0   1557693588.7643714
0   1557693588.8314965
0   1557693588.8623893
0   1557693588.8894598
0   1557693588.9167674
0   1557693588.9382796
0   1557693588.9620922
0   1557693588.9960337
0   1557693589.0166457
0   1557693589.0365276
0   1557693589.0664575
0   1557693589.0876527
0   1557693589.1127355
0   1557693589.140325
0   1557693589.1667068
0   1557693589.1886978
0   1557693589.2144043
0   1557693589.2294707
-1   1557693589.2606378
0   1557693589.2925723
0   1557693589.3321712
1   1557693589.3804853
0   1557693589.4097946
-1   1557693589.433652
-3   1557693589.4777734
-3   1557693589.4979947
-3   1557693589.5445862
0   1557693589.5918124
3   1557693589.644307
3   1557693589.673165
3   1557693589.6945574
2   1557693589.7219641
0   1557693589.7463703
-1   1557693589.7667093
-2   1557693589.788042
-2   1557693589.8084142
-2   1557693589.8525312
2   1557693589.9085283
4   1557693589.945923
5   1557693589.9817855
4   1557693590.0017767
4   1557693590.0256147
3   1557693590.0464387
2   1557693590.0723612
1   1557693590.0913725
1   1557693590.1181486
2   1557693590.1604269
4   1557693590.1966825
6   1557693590.2294745
7   1557693590.283122
6   1557693590.302302
5   1557693590.3195436
3   1557693590.3419778
2   1557693590.359546
1   1557693590.3793032
0   1557693590.3986633
0   1557693590.418452
1   1557693590.4546824
3   1557693590.4946058
5   1557693590.5282168
5   1557693590.5593927
5   1557693590.5798433
4   1557693590.6066716
3   1557693590.6224232
0   1557693590.6626468
0   1557693590.700076
1   1557693590.7479765
4   1557693590.78525
6   1557693590.8185167
7   1557693590.851304
7   1557693590.8699737
6   1557693590.8907459
4   1557693590.9085357
3   1557693590.9294314
1   1557693590.9477966
1   1557693590.9658465
0   1557693590.987661
0   1557693591.0168052
2   1557693591.0725832
5   1557693591.1086614
6   1557693591.1523638
7   1557693591.17459
6   1557693591.1945558
6   1557693591.211683
4   1557693591.2298653
3   1557693591.249098
1   1557693591.269473
1   1557693591.2864935
0   1557693591.3151882
1   1557693591.3457341
2   1557693591.3746338
4   1557693591.406118
5   1557693591.4442573
5   1557693591.4759347
4   1557693591.492307
3   1557693591.5125067
2   1557693591.5300357
0   1557693591.547676
-1   1557693591.567255
-1   1557693591.586548
-1   1557693591.616422
0   1557693591.6566734
2   1557693591.690507
4   1557693591.7205884
4   1557693591.7505856
4   1557693591.7704759
3   1557693591.7879324
1   1557693591.806671
0   1557693591.824676
-1   1557693591.8420541
-2   1557693591.8636575
-3   1557693591.892795
-1   1557693591.9277334
1   1557693591.9595463
4   1557693591.9897912
6   1557693592.0227427
