0   1557693674.5837176
0   1557693674.6780508
0   1557693674.717348
0   1557693674.7430727
0   1557693674.7707498
0   1557693674.7994387
0   1557693674.827327
0   1557693674.8473725
0   1557693674.870544
0   1557693674.896017
0   1557693674.9323905
0   1557693674.9602988
0   1557693674.98612
0   1557693675.0017173
0   1557693675.0242507
0   1557693675.06622
0   1557693675.0893707
0   1557693675.1192968
0   1557693675.137719
0   1557693675.1705701
0   1557693675.1905673
0   1557693675.2125745
0   1557693675.2336724
0   1557693675.2575352
0   1557693675.2748055
0   1557693675.2919252
0   1557693675.3192754
0   1557693675.344503
0   1557693675.388232
0   1557693675.420079
0   1557693675.4444199
0   1557693675.4687061
0   1557693675.496122
0   1557693675.518666
0   1557693675.5364819
0   1557693675.5604553
0   1557693675.5866873
0   1557693675.6027675
0   1557693675.6292477
0   1557693675.661402
0   1557693675.687922
0   1557693675.7171388
0   1557693675.7388024
0   1557693675.76114
0   1557693675.7867248
0   1557693675.8153908
0   1557693675.8463738
0   1557693675.872237
0   1557693675.900343
0   1557693675.92943
0   1557693675.956758
0   1557693675.980104
0   1557693675.9984283
0   1557693676.0183547
0   1557693676.0420356
0   1557693676.0681963
0   1557693676.0863736
0   1557693676.1061502
0   1557693676.13637
0   1557693676.1567771
0   1557693676.1819072
0   1557693676.207959
0   1557693676.2372084
0   1557693676.262712
0   1557693676.2827337
0   1557693676.3078938
0   1557693676.3284674
0   1557693676.3613386
0   1557693676.3892827
0   1557693676.4362848
0   1557693676.4624062
0   1557693676.483695
0   1557693676.5026526
0   1557693676.5261524
0   1557693676.5560677
0   1557693676.5774922
0   1557693676.608045
0   1557693676.6367648
0   1557693676.6691167
0   1557693676.7118447
0   1557693676.7424805
0   1557693676.7613099
0   1557693676.7804174
0   1557693676.7972856
0   1557693676.814448
0   1557693676.8418686
0   1557693676.8619254
0   1557693676.8826756
0   1557693676.8991842
0   1557693676.926512
0   1557693676.961309
0   1557693676.9861221
0   1557693677.0145915
0   1557693677.0324216
0   1557693677.056016
0   1557693677.0772872
0   1557693677.098482
0   1557693677.121325
0   1557693677.136721
0   1557693677.155779
0   1557693677.1741042
0   1557693677.207633
0   1557693677.227705
0   1557693677.2624736
0   1557693677.2850895
0   1557693677.3031847
-1   1557693677.3303146
-1   1557693677.349414
-1   1557693677.3680227
0   1557693677.3971496
0   1557693677.4205704
0   1557693677.4561315
0   1557693677.4861689
0   1557693677.5143247
0   1557693677.5520544
0   1557693677.5851934
0   1557693677.6114502
0   1557693677.6427631
0   1557693677.667905
0   1557693677.6998343
0   1557693677.755771
0   1557693677.8073628
0   1557693677.836442
0   1557693677.8663273
0   1557693677.8919802
0   1557693677.9325256
0   1557693677.9680066
1   1557693678.0247228
