0   1557693505.0781903
0   1557693505.1382856
1   1557693505.2358263
1   1557693505.2874339
0   1557693505.3236988
-1   1557693505.3546236
-3   1557693505.4013586
-3   1557693505.437053
-1   1557693505.4806516
3   1557693505.523177
5   1557693505.5632195
6   1557693505.6002216
5   1557693505.6216335
3   1557693505.6465998
2   1557693505.6651847
0   1557693505.6863666
-2   1557693505.7092621
-2   1557693505.7282696
-1   1557693505.7704558
1   1557693505.8117123
2   1557693505.8494732
3   1557693505.8806508
2   1557693505.901835
1   1557693505.9205222
0   1557693505.941395
-2   1557693505.9612737
-3   1557693505.9787652
-3   1557693506.0086737
-2   1557693506.0596993
0   1557693506.096124
2   1557693506.1301394
3   1557693506.162081
3   1557693506.1792254
2   1557693506.200772
1   1557693506.2218215
-1   1557693506.2418497
-3   1557693506.264515
-3   1557693506.2806644
-4   1557693506.3007345
-3   1557693506.341783
-1   1557693506.3825133
1   1557693506.449219
1   1557693506.4696424
1   1557693506.4877906
-1   1557693506.50602
-2   1557693506.5274174
-3   1557693506.5451205
-5   1557693506.5667424
-6   1557693506.5837078
-6   1557693506.6202881
-4   1557693506.6556334
-2   1557693506.6891835
1   1557693506.726722
1   1557693506.7577248
1   1557693506.7772005
0   1557693506.8031769
-2   1557693506.8303618
-3   1557693506.848679
-4   1557693506.8703403
-5   1557693506.8892002
-4   1557693506.92802
-2   1557693506.960074
0   1557693506.9901757
2   1557693507.019402
3   1557693507.0579655
2   1557693507.076041
1   1557693507.0946648
0   1557693507.1111336
-2   1557693507.1314502
-3   1557693507.148566
-4   1557693507.16942
-4   1557693507.1932044
-1   1557693507.2543592
1   1557693507.286698
4   1557693507.3163483
5   1557693507.3518496
5   1557693507.3727438
4   1557693507.3945134
4   1557693507.4103703
2   1557693507.4357584
0   1557693507.45876
0   1557693507.4807603
0   1557693507.5228062
2   1557693507.559299
4   1557693507.5903249
5   1557693507.6395
5   1557693507.6618388
5   1557693507.6802645
4   1557693507.698503
2   1557693507.7179184
0   1557693507.7366729
-2   1557693507.7566042
-2   1557693507.7720933
-3   1557693507.7920713
-2   1557693507.8274581
0   1557693507.8643997
3   1557693507.9024053
4   1557693507.9366663
4   1557693507.9594486
2   1557693507.9782317
1   1557693507.9963744
-1   1557693508.0306027
-3   1557693508.0574503
-3   1557693508.0770314
-2   1557693508.1147304
-1   1557693508.1474195
1   1557693508.180067
2   1557693508.2072167
2   1557693508.2230854
1   1557693508.2439818
0   1557693508.2622106
-1   1557693508.2793756
-2   1557693508.2957006
-4   1557693508.314276
-4   1557693508.3306324
-4   1557693508.3566153
-3   1557693508.391735
