0   1557694063.2946532
0   1557694063.3866038
0   1557694063.4359775
0   1557694063.4791777
0   1557694063.511387
0   1557694063.5581892
0   1557694063.5821843
0   1557694063.6167045
0   1557694063.6499875
0   1557694063.7004018
0   1557694063.7346737
0   1557694063.7721972
0   1557694063.7964287
0   1557694063.8305507
0   1557694063.8490934
0   1557694063.8794796
0   1557694063.8973434
0   1557694063.9126072
0   1557694063.9374137
0   1557694063.9563496
0   1557694063.9758034
0   1557694063.997397
0   1557694064.0123482
0   1557694064.0358202
0   1557694064.0583053
0   1557694064.0910888
0   1557694064.114372
0   1557694064.135981
0   1557694064.162399
0   1557694064.178597
0   1557694064.198611
0   1557694064.2183127
0   1557694064.2397923
0   1557694064.2597847
0   1557694064.2802653
0   1557694064.304478
0   1557694064.3282323
0   1557694064.3476405
0   1557694064.391172
0   1557694064.4213803
0   1557694064.4578695
0   1557694064.4800918
0   1557694064.5020387
0   1557694064.5270708
0   1557694064.561405
0   1557694064.5843892
0   1557694064.604537
0   1557694064.6344342
0   1557694064.6586401
0   1557694064.678547
0   1557694064.7064714
0   1557694064.7257876
0   1557694064.7465806
0   1557694064.7700775
0   1557694064.7926219
0   1557694064.8111334
0   1557694064.8465395
0   1557694064.8895159
0   1557694064.932392
0   1557694064.9627254
0   1557694064.988037
0   1557694065.010027
0   1557694065.0382352
0   1557694065.061981
0   1557694065.0844824
0   1557694065.130314
0   1557694065.1552246
0   1557694065.176526
0   1557694065.1944823
0   1557694065.2206984
0   1557694065.2395518
0   1557694065.2671738
0   1557694065.2965004
0   1557694065.3220286
0   1557694065.3443716
0   1557694065.3674247
0   1557694065.389867
0   1557694065.4074633
0   1557694065.450775
0   1557694065.4762967
0   1557694065.494419
0   1557694065.5152864
0   1557694065.5375476
0   1557694065.5693982
0   1557694065.5900636
0   1557694065.608648
0   1557694065.6547806
0   1557694065.7016354
0   1557694065.7322254
0   1557694065.7559206
0   1557694065.772594
0   1557694065.797281
0   1557694065.8223252
0   1557694065.8494391
0   1557694065.8687906
0   1557694065.8918295
0   1557694065.9125438
0   1557694065.9314897
0   1557694065.9504704
0   1557694065.96873
0   1557694065.9878118
0   1557694066.0052087
0   1557694066.0237691
0   1557694066.044617
0   1557694066.0620685
0   1557694066.0963838
0   1557694066.1203673
0   1557694066.1604455
0   1557694066.1865892
0   1557694066.206463
0   1557694066.2325766
0   1557694066.2578208
0   1557694066.2846434
0   1557694066.3031778
0   1557694066.3212898
0   1557694066.3423824
0   1557694066.3664627
0   1557694066.3821814
0   1557694066.4005685
0   1557694066.4262898
0   1557694066.4467075
0   1557694066.4667099
0   1557694066.4942896
0   1557694066.5176857
0   1557694066.5404506
0   1557694066.570184
0   1557694066.6021857
0   1557694066.6204338
0   1557694066.646516
0   1557694066.6695173
0   1557694066.688673
0   1557694066.7176025
0   1557694066.7351475
0   1557694066.7557247
