0   1557866672.09812
0   1557866672.1698296
0   1557866672.242848
0   1557866672.2641978
0   1557866672.2888415
0   1557866672.3141248
0   1557866672.3356838
0   1557866672.357089
-1   1557866672.3802714
-1   1557866672.3997135
-1   1557866672.4236064
0   1557866672.4795914
0   1557866672.5097113
0   1557866672.539572
0   1557866672.5735881
0   1557866672.6263843
0   1557866672.6429517
0   1557866672.6608472
0   1557866672.6822636
0   1557866672.7041993
0   1557866672.7298484
0   1557866672.746898
0   1557866672.7768133
0   1557866672.794493
0   1557866672.8309915
0   1557866672.8547428
0   1557866672.887861
0   1557866672.9090297
0   1557866672.9337416
0   1557866672.9486208
0   1557866672.9651623
0   1557866672.9818802
0   1557866672.9987776
0   1557866673.036933
0   1557866673.0634398
0   1557866673.0829875
0   1557866673.1070552
0   1557866673.1249049
0   1557866673.1478164
0   1557866673.1837528
0   1557866673.2046466
0   1557866673.2311044
0   1557866673.2624347
0   1557866673.2896342
0   1557866673.3204656
0   1557866673.3441482
0   1557866673.3687205
0   1557866673.390312
0   1557866673.4182663
0   1557866673.4350102
0   1557866673.4568129
0   1557866673.4721448
0   1557866673.4917371
0   1557866673.518598
0   1557866673.5342016
0   1557866673.5547156
0   1557866673.5719514
0   1557866673.5879169
0   1557866673.61238
0   1557866673.6543672
0   1557866673.6734788
0   1557866673.6936264
0   1557866673.7169037
0   1557866673.7391257
-1   1557866673.7603803
-1   1557866673.7844303
-1   1557866673.8091466
-1   1557866673.8390286
-1   1557866673.8723783
0   1557866673.9129214
0   1557866673.9509764
0   1557866673.9784815
0   1557866673.9944112
0   1557866674.025078
0   1557866674.0497687
0   1557866674.084577
0   1557866674.1308458
0   1557866674.174995
0   1557866674.2118208
0   1557866674.2341328
0   1557866674.2538586
0   1557866674.2791073
0   1557866674.2997613
0   1557866674.3337896
0   1557866674.3509383
0   1557866674.3765402
0   1557866674.3997374
0   1557866674.4235332
0   1557866674.4444437
0   1557866674.4664528
0   1557866674.5082512
0   1557866674.5596898
0   1557866674.5842454
0   1557866674.6117752
0   1557866674.636222
0   1557866674.6598587
0   1557866674.6828299
0   1557866674.7119715
0   1557866674.7351184
0   1557866674.7586687
0   1557866674.783164
0   1557866674.8000412
0   1557866674.8206863
0   1557866674.837533
0   1557866674.8594587
0   1557866674.878846
0   1557866674.9003882
0   1557866674.9182255
0   1557866674.9462764
0   1557866674.9610898
0   1557866674.9758291
0   1557866674.994126
0   1557866675.0220542
0   1557866675.042864
0   1557866675.062857
0   1557866675.082352
0   1557866675.0970798
0   1557866675.1251395
0   1557866675.1436012
0   1557866675.1724112
0   1557866675.1925578
0   1557866675.2237427
0   1557866675.2495532
0   1557866675.290577
0   1557866675.324534
0   1557866675.350242
0   1557866675.3764179
0   1557866675.3948174
0   1557866675.4268515
0   1557866675.4441884
0   1557866675.4719613
0   1557866675.4917426
0   1557866675.5168936
0   1557866675.5363853
0   1557866675.5579114
-1   1557866676.0918064
