0   1557866025.5479584
0   1557866025.6685526
2   1557866025.7131493
2   1557866025.7597034
3   1557866025.8002908
3   1557866025.8338597
3   1557866025.8630574
2   1557866025.8909333
2   1557866025.919942
2   1557866025.950107
2   1557866025.9769008
2   1557866026.0023181
2   1557866026.0280674
1   1557866026.0528982
1   1557866026.0724676
1   1557866026.1010842
1   1557866026.1190968
1   1557866026.1428561
1   1557866026.1675396
1   1557866026.1906574
1   1557866026.220479
1   1557866026.2451334
1   1557866026.2729366
0   1557866026.2938259
0   1557866026.3146853
0   1557866026.3500366
0   1557866026.3715007
0   1557866026.3920653
0   1557866026.4126773
0   1557866026.4336624
0   1557866026.4582355
0   1557866026.4778888
0   1557866026.4968345
0   1557866026.5262268
0   1557866026.5498784
0   1557866026.5709884
0   1557866026.58964
0   1557866026.6067376
0   1557866026.6398637
0   1557866026.6895568
0   1557866026.717655
0   1557866026.732657
0   1557866026.7569273
0   1557866026.7745218
0   1557866026.806976
0   1557866026.8423433
0   1557866026.8683467
0   1557866026.892039
0   1557866026.9120228
0   1557866026.9444766
0   1557866026.9720924
0   1557866027.0021265
0   1557866027.0348191
0   1557866027.0609488
0   1557866027.0829437
0   1557866027.1035662
0   1557866027.121531
0   1557866027.1503246
0   1557866027.1757987
0   1557866027.1922877
0   1557866027.212635
0   1557866027.232565
0   1557866027.2500129
0   1557866027.2688608
0   1557866027.2850213
0   1557866027.3030329
0   1557866027.3220706
0   1557866027.3420184
0   1557866027.37457
0   1557866027.3990574
0   1557866027.4275498
0   1557866027.4480402
0   1557866027.4735255
0   1557866027.495059
0   1557866027.518289
0   1557866027.5545115
0   1557866027.5765119
0   1557866027.5986044
0   1557866027.6236567
0   1557866027.6506534
0   1557866027.6880996
0   1557866027.7068846
0   1557866027.7288318
0   1557866027.7468164
-1   1557866027.768772
-1   1557866027.7838142
-1   1557866027.8008273
-1   1557866027.8242962
0   1557866027.8740556
0   1557866027.915038
0   1557866027.9629924
0   1557866027.989655
0   1557866028.0148823
0   1557866028.0371
0   1557866028.053413
0   1557866028.0798542
0   1557866028.1118886
0   1557866028.1570036
0   1557866028.1781104
0   1557866028.2075517
0   1557866028.2294664
0   1557866028.258337
0   1557866028.2799182
0   1557866028.3004088
0   1557866028.3199368
0   1557866028.337037
0   1557866028.3696392
0   1557866028.390459
0   1557866028.4088745
0   1557866028.428226
0   1557866028.4444244
0   1557866028.4649148
0   1557866028.490086
0   1557866028.5050893
0   1557866028.5241373
0   1557866028.5478954
0   1557866028.5670743
0   1557866028.5880978
0   1557866028.6125848
0   1557866028.637683
0   1557866028.6570373
0   1557866028.6865478
0   1557866028.7037306
0   1557866028.7265356
0   1557866028.7550898
0   1557866028.774474
0   1557866028.7990775
0   1557866028.8193834
0   1557866028.840022
0   1557866028.8567178
0   1557866028.8798156
0   1557866028.9011264
0   1557866028.9221642
0   1557866028.940803
0   1557866028.958103
0   1557866028.9908671
0   1557866029.013034
-1   1557866029.0434084
-2   1557866029.579919
