0   1557866190.3363476
0   1557866190.4107819
1   1557866190.4722779
1   1557866190.5078745
1   1557866190.5290895
1   1557866190.5537717
1   1557866190.571952
1   1557866190.6037729
1   1557866190.6317463
1   1557866190.649846
1   1557866190.6745214
1   1557866190.7030518
1   1557866190.7279997
0   1557866190.750959
0   1557866190.7746983
0   1557866190.800725
0   1557866190.830539
0   1557866190.8708568
0   1557866190.9149525
0   1557866190.9394805
0   1557866190.9550245
0   1557866190.980712
0   1557866191.001622
1   1557866191.031152
0   1557866191.0545268
0   1557866191.0722466
0   1557866191.0965858
0   1557866191.1230805
0   1557866191.1459205
0   1557866191.1677005
0   1557866191.1897707
0   1557866191.2107852
0   1557866191.236428
0   1557866191.2566009
0   1557866191.2845032
0   1557866191.3047469
0   1557866191.3398695
0   1557866191.3565886
0   1557866191.3957138
0   1557866191.4130104
0   1557866191.4605715
0   1557866191.499007
1   1557866191.530724
1   1557866191.5507922
1   1557866191.583531
0   1557866191.606429
0   1557866191.63903
0   1557866191.662815
0   1557866191.6845481
0   1557866191.7018626
0   1557866191.7290294
0   1557866191.7578852
0   1557866191.7767386
0   1557866191.7957404
0   1557866191.8168519
0   1557866191.840097
0   1557866191.8610427
0   1557866191.8795776
0   1557866191.8981225
0   1557866191.919506
0   1557866191.9388819
0   1557866191.9639006
0   1557866191.9847279
0   1557866192.0124373
0   1557866192.0444252
0   1557866192.0687032
0   1557866192.087656
0   1557866192.118849
0   1557866192.1399498
0   1557866192.1586537
0   1557866192.1857486
0   1557866192.203521
0   1557866192.238962
0   1557866192.258485
0   1557866192.2849305
0   1557866192.3080158
0   1557866192.3304894
0   1557866192.3482504
0   1557866192.3710642
0   1557866192.39079
0   1557866192.4049797
0   1557866192.432307
0   1557866192.4494092
0   1557866192.4748821
0   1557866192.497889
0   1557866192.5282214
0   1557866192.5469315
0   1557866192.5669038
0   1557866192.5964592
0   1557866192.6130147
0   1557866192.655685
0   1557866192.6716518
0   1557866192.7004893
0   1557866192.7279344
0   1557866192.7622561
0   1557866192.7849684
0   1557866192.8047817
0   1557866192.8321693
0   1557866192.852498
0   1557866192.87223
0   1557866192.8902564
0   1557866192.9063122
0   1557866192.9248397
0   1557866192.9445143
0   1557866192.9645994
0   1557866192.9821968
0   1557866193.0150182
0   1557866193.046538
0   1557866193.068487
0   1557866193.0923789
0   1557866193.1119237
0   1557866193.133037
0   1557866193.1580775
0   1557866193.175079
0   1557866193.1936846
0   1557866193.2107048
-1   1557866193.235128
0   1557866193.2680454
0   1557866193.2980034
0   1557866193.3315058
0   1557866193.3508515
0   1557866193.3696358
0   1557866193.3891
0   1557866193.4091442
0   1557866193.4329104
0   1557866193.4580643
0   1557866193.4847283
0   1557866193.5038364
-1   1557866193.5271
0   1557866193.5622344
0   1557866193.6024628
0   1557866193.6386218
0   1557866193.658221
0   1557866193.676655
-1   1557866193.702884
-1   1557866193.7231083
-1   1557866193.7424407
-1   1557866193.7738032
0   1557866193.8142078
-2   1557866194.388529
