0   1557866793.059923
0   1557866793.1709476
2   1557866793.2337358
2   1557866793.2749925
2   1557866793.3244507
2   1557866793.3604598
2   1557866793.409962
2   1557866793.4365118
2   1557866793.467733
2   1557866793.4917147
2   1557866793.5187705
1   1557866793.5418694
1   1557866793.5636725
1   1557866793.5891135
1   1557866793.608533
1   1557866793.6364222
1   1557866793.6564777
1   1557866793.6791632
1   1557866793.7011368
0   1557866793.727816
0   1557866793.7484834
0   1557866793.7779045
0   1557866793.7928023
0   1557866793.8101082
0   1557866793.8330758
0   1557866793.8578835
0   1557866793.879717
0   1557866793.8963454
0   1557866793.9335072
0   1557866793.9547353
1   1557866793.9966176
1   1557866794.0397618
1   1557866794.0578177
1   1557866794.074835
1   1557866794.0983193
1   1557866794.1180074
1   1557866794.1419947
1   1557866794.1686983
1   1557866794.1880596
0   1557866794.2094948
0   1557866794.2322743
0   1557866794.254594
0   1557866794.2775304
0   1557866794.3005605
0   1557866794.320472
0   1557866794.3417702
0   1557866794.359052
0   1557866794.376863
0   1557866794.3983507
0   1557866794.4196482
0   1557866794.4394562
0   1557866794.4583662
0   1557866794.4846156
0   1557866794.5009542
0   1557866794.5237563
0   1557866794.5416133
0   1557866794.5588248
0   1557866794.5849822
0   1557866794.6064029
0   1557866794.629618
0   1557866794.6608837
0   1557866794.6801078
0   1557866794.6983676
0   1557866794.7169442
0   1557866794.7350008
0   1557866794.7550418
0   1557866794.7748306
0   1557866794.7950785
-1   1557866794.8175514
-1   1557866794.8351552
-1   1557866794.8603156
-1   1557866794.8782287
-1   1557866794.894167
-1   1557866794.9116206
-1   1557866794.930765
-1   1557866794.9729555
0   1557866795.0188696
0   1557866795.063055
0   1557866795.0968347
0   1557866795.1250947
0   1557866795.150701
0   1557866795.1943934
0   1557866795.2467575
0   1557866795.2865837
0   1557866795.3130946
0   1557866795.3387616
0   1557866795.3690915
0   1557866795.3941753
0   1557866795.4123094
0   1557866795.4307094
0   1557866795.4487915
0   1557866795.470384
0   1557866795.4910357
0   1557866795.5117598
0   1557866795.53879
0   1557866795.5569332
0   1557866795.577875
0   1557866795.593759
0   1557866795.6210065
0   1557866795.6402502
0   1557866795.673157
0   1557866795.7099352
0   1557866795.7309186
0   1557866795.7551594
0   1557866795.7786837
0   1557866795.7948332
0   1557866795.8147047
0   1557866795.8325715
0   1557866795.8504002
0   1557866795.8686304
0   1557866795.8889215
0   1557866795.9277294
0   1557866795.943995
0   1557866795.9598892
0   1557866795.980624
0   1557866796.0006459
0   1557866796.0201383
0   1557866796.034874
0   1557866796.05619
0   1557866796.075862
0   1557866796.0924997
0   1557866796.1099923
0   1557866796.1325934
0   1557866796.1489604
-1   1557866796.172646
-1   1557866796.1917527
-1   1557866796.2075229
0   1557866796.2442198
0   1557866796.286432
0   1557866796.3304622
0   1557866796.3522027
0   1557866796.387968
0   1557866796.4048505
0   1557866796.4336102
0   1557866796.4715383
0   1557866796.5001383
0   1557866796.5204096
0   1557866796.5386124
0   1557866796.554795
-1   1557866797.098531
