0   1557866910.5642455
0   1557866910.6342616
0   1557866910.6651266
0   1557866910.697075
0   1557866910.7226129
0   1557866910.7520196
0   1557866910.779838
0   1557866910.8062892
0   1557866910.830179
0   1557866910.8586624
0   1557866910.8835998
0   1557866910.9057617
0   1557866910.9436545
0   1557866910.9667032
0   1557866910.9886196
0   1557866911.0148048
0   1557866911.050955
-1   1557866911.0766308
-1   1557866911.1138341
-1   1557866911.1328897
-1   1557866911.150425
-1   1557866911.1719313
-1   1557866911.1965084
0   1557866911.248238
0   1557866911.2966218
0   1557866911.3470447
0   1557866911.371161
0   1557866911.403675
0   1557866911.4317536
0   1557866911.4568338
0   1557866911.4837043
0   1557866911.503034
0   1557866911.5234995
0   1557866911.5442374
0   1557866911.5705178
0   1557866911.5902417
0   1557866911.6078682
0   1557866911.6349669
0   1557866911.6699567
0   1557866911.6984816
0   1557866911.7262962
0   1557866911.7447238
0   1557866911.7620947
0   1557866911.7834923
0   1557866911.8028965
0   1557866911.824638
0   1557866911.8446023
0   1557866911.8678527
0   1557866911.9008975
0   1557866911.9403412
0   1557866911.9736202
0   1557866912.014683
0   1557866912.0420873
1   1557866912.0889394
1   1557866912.120624
1   1557866912.1437523
1   1557866912.168224
0   1557866912.1951482
0   1557866912.229066
0   1557866912.2525198
0   1557866912.2724726
0   1557866912.2996104
0   1557866912.3169842
0   1557866912.338693
0   1557866912.3598735
0   1557866912.3766901
0   1557866912.3968582
0   1557866912.416385
0   1557866912.4467428
0   1557866912.4878151
0   1557866912.539061
0   1557866912.570315
0   1557866912.593835
0   1557866912.6187992
0   1557866912.6378243
0   1557866912.6549795
0   1557866912.6934843
0   1557866912.713498
0   1557866912.731139
0   1557866912.7495217
0   1557866912.764334
0   1557866912.783774
0   1557866912.8003469
0   1557866912.8279645
0   1557866912.8448153
0   1557866912.8721836
0   1557866912.8910708
0   1557866912.9120839
0   1557866912.9367013
0   1557866912.9597778
0   1557866912.9810348
0   1557866913.0083413
0   1557866913.0288248
0   1557866913.0530324
0   1557866913.0746844
0   1557866913.112987
0   1557866913.1350563
0   1557866913.160769
0   1557866913.1794832
0   1557866913.2297459
0   1557866913.264789
0   1557866913.2861874
0   1557866913.3095446
0   1557866913.3349357
0   1557866913.3598602
0   1557866913.3786206
0   1557866913.401932
0   1557866913.4398463
0   1557866913.477969
0   1557866913.4958522
0   1557866913.5229244
0   1557866913.541871
0   1557866913.5620275
0   1557866913.5790896
0   1557866913.5987911
0   1557866913.6349816
0   1557866913.6570406
0   1557866913.672946
0   1557866913.6896582
0   1557866913.7131484
0   1557866913.7825766
1   1557866913.8186822
0   1557866913.83974
0   1557866913.8607674
0   1557866913.878509
0   1557866913.8982139
0   1557866913.930969
0   1557866913.9524255
0   1557866913.9791582
0   1557866913.996821
0   1557866914.0211172
0   1557866914.554051
