0   1557693964.4667268
0   1557693964.5465484
0   1557693964.609286
0   1557693964.63019
0   1557693964.6626034
0   1557693964.687328
0   1557693964.712708
0   1557693964.7303486
0   1557693964.7614672
0   1557693964.7887528
0   1557693964.8181782
0   1557693964.838742
-1   1557693964.8642578
-1   1557693964.8814292
-1   1557693964.90529
0   1557693964.9810708
0   1557693965.067982
0   1557693965.1293268
1   1557693965.1799386
1   1557693965.2176032
1   1557693965.241966
1   1557693965.2650518
1   1557693965.29034
0   1557693965.3184988
0   1557693965.3418963
0   1557693965.3687806
0   1557693965.3992193
0   1557693965.4210727
0   1557693965.4446552
0   1557693965.469397
0   1557693965.4904256
0   1557693965.5174663
0   1557693965.5406597
0   1557693965.5604644
0   1557693965.5786588
0   1557693965.595666
0   1557693965.6314814
0   1557693965.65037
0   1557693965.6856668
0   1557693965.7101254
0   1557693965.738693
0   1557693965.7617607
0   1557693965.791218
0   1557693965.8101099
0   1557693965.8293984
0   1557693965.8492076
0   1557693965.8701384
0   1557693965.8966885
0   1557693965.9201326
0   1557693965.9377108
0   1557693965.9594765
0   1557693965.9891665
0   1557693966.012584
-1   1557693966.0304108
-1   1557693966.0493243
-1   1557693966.0707736
-1   1557693966.092727
-1   1557693966.1107688
-1   1557693966.1552813
0   1557693966.20877
0   1557693966.2562907
0   1557693966.2985845
1   1557693966.360187
1   1557693966.3813605
1   1557693966.424274
1   1557693966.447182
1   1557693966.4693663
1   1557693966.495223
1   1557693966.515095
0   1557693966.539149
0   1557693966.5873938
0   1557693966.634365
0   1557693966.6843407
0   1557693966.7301152
0   1557693966.7705255
0   1557693966.8111925
-1   1557693966.855385
-1   1557693966.9046712
0   1557693966.9876807
0   1557693967.0619767
0   1557693967.106309
0   1557693967.127927
0   1557693967.1587706
0   1557693967.1960032
0   1557693967.2163997
0   1557693967.2357533
0   1557693967.259791
0   1557693967.2776825
0   1557693967.295237
0   1557693967.3153663
0   1557693967.3443637
0   1557693967.3656352
0   1557693967.3891745
0   1557693967.4253347
0   1557693967.4450762
0   1557693967.487152
0   1557693967.5113854
0   1557693967.5575206
0   1557693967.5803618
0   1557693967.6080499
0   1557693967.6317215
0   1557693967.656397
0   1557693967.6771083
0   1557693967.6960225
0   1557693967.7183821
0   1557693967.738316
0   1557693967.759335
0   1557693967.7882788
0   1557693967.8065536
0   1557693967.8320065
0   1557693967.8546102
0   1557693967.8752697
0   1557693967.894368
0   1557693967.926448
0   1557693967.9471285
