0   1557693861.2044463
0   1557693861.2783341
0   1557693861.3342319
0   1557693861.3792784
0   1557693861.4067843
0   1557693861.435981
0   1557693861.478031
0   1557693861.5103407
0   1557693861.5276449
0   1557693861.5567088
0   1557693861.5793052
0   1557693861.6006262
0   1557693861.6212857
0   1557693861.645101
0   1557693861.6661773
0   1557693861.6862786
0   1557693861.7077858
0   1557693861.7304983
0   1557693861.7576354
0   1557693861.7772346
0   1557693861.802446
0   1557693861.827188
0   1557693861.854149
0   1557693861.9004543
0   1557693861.932802
0   1557693861.9625432
0   1557693862.0023022
0   1557693862.0325944
0   1557693862.0652156
0   1557693862.088229
0   1557693862.1157794
0   1557693862.1365602
0   1557693862.1586366
0   1557693862.1806185
0   1557693862.202073
0   1557693862.2225826
0   1557693862.248686
0   1557693862.2767565
0   1557693862.3102713
0   1557693862.3298016
0   1557693862.3578036
0   1557693862.3793507
0   1557693862.403204
0   1557693862.424713
0   1557693862.4453757
0   1557693862.476142
0   1557693862.499835
0   1557693862.5361476
0   1557693862.5836425
0   1557693862.6112866
0   1557693862.6313796
0   1557693862.6560514
0   1557693862.681952
0   1557693862.7022855
0   1557693862.7305427
0   1557693862.75271
0   1557693862.780184
0   1557693862.805116
0   1557693862.8314955
0   1557693862.8545713
0   1557693862.8780477
0   1557693862.9074283
0   1557693862.930155
0   1557693862.9500751
0   1557693862.9756515
0   1557693862.995168
0   1557693863.026588
0   1557693863.0466733
0   1557693863.091419
0   1557693863.1216824
0   1557693863.1570592
0   1557693863.182327
0   1557693863.2061093
0   1557693863.224756
0   1557693863.250617
0   1557693863.2743585
0   1557693863.296297
0   1557693863.3179588
0   1557693863.3378704
0   1557693863.367409
0   1557693863.3914866
0   1557693863.4114907
0   1557693863.429115
0   1557693863.4572756
0   1557693863.4971552
0   1557693863.5220745
0   1557693863.5420775
0   1557693863.5663497
0   1557693863.5990372
0   1557693863.6251736
0   1557693863.6451652
0   1557693863.6741421
0   1557693863.7005565
0   1557693863.7256968
0   1557693863.7431064
0   1557693863.7718647
0   1557693863.7942748
0   1557693863.8219366
0   1557693863.8767571
0   1557693863.897717
0   1557693863.925286
0   1557693863.95057
0   1557693863.9706612
0   1557693863.993673
0   1557693864.014105
0   1557693864.0343254
0   1557693864.0561435
0   1557693864.0735822
0   1557693864.1007261
0   1557693864.119991
0   1557693864.1483946
0   1557693864.1690984
0   1557693864.190191
0   1557693864.20847
0   1557693864.2278244
0   1557693864.2494287
0   1557693864.287882
0   1557693864.331408
0   1557693864.3896923
0   1557693864.4142702
0   1557693864.433219
0   1557693864.455957
0   1557693864.4791133
0   1557693864.4975135
0   1557693864.5242279
0   1557693864.543219
0   1557693864.567261
0   1557693864.5866785
0   1557693864.6081197
0   1557693864.6317904
0   1557693864.6583629
