0   1557866430.3906736
0   1557866430.460358
1   1557866430.5248582
1   1557866430.5509958
1   1557866430.5910182
1   1557866430.6144383
1   1557866430.650458
1   1557866430.6784925
1   1557866430.7067628
0   1557866430.7395973
0   1557866430.7682664
0   1557866430.7905846
0   1557866430.8341026
0   1557866430.8666375
0   1557866430.8949904
0   1557866430.9222753
0   1557866430.9469512
0   1557866430.972657
0   1557866430.999854
0   1557866431.0209365
0   1557866431.0415096
0   1557866431.0609581
0   1557866431.083127
0   1557866431.1077688
0   1557866431.135097
0   1557866431.1811364
0   1557866431.2123458
0   1557866431.2449563
0   1557866431.264817
0   1557866431.2937346
0   1557866431.3129678
0   1557866431.3438246
0   1557866431.3622935
0   1557866431.381984
0   1557866431.4025366
0   1557866431.4251494
0   1557866431.444978
0   1557866431.46829
0   1557866431.4945507
0   1557866431.521643
0   1557866431.5450926
0   1557866431.569885
0   1557866431.588895
0   1557866431.6043317
0   1557866431.6263208
0   1557866431.6462352
0   1557866431.665079
0   1557866431.6866739
0   1557866431.7038324
0   1557866431.7236128
0   1557866431.7409139
0   1557866431.7606986
0   1557866431.7901225
0   1557866431.8085318
0   1557866431.8350043
0   1557866431.8548775
0   1557866431.8789148
0   1557866431.896655
0   1557866431.9244852
0   1557866431.9621363
0   1557866431.980227
0   1557866431.9982305
0   1557866432.0149536
0   1557866432.0444822
0   1557866432.066694
0   1557866432.0922983
-1   1557866432.1147854
-1   1557866432.144509
-1   1557866432.1684809
-1   1557866432.2051628
0   1557866432.25383
0   1557866432.2903788
0   1557866432.311067
0   1557866432.3365195
0   1557866432.3611557
0   1557866432.3951461
0   1557866432.4357326
0   1557866432.4570212
0   1557866432.476797
0   1557866432.5065536
0   1557866432.5257936
0   1557866432.550138
0   1557866432.5681262
0   1557866432.5842872
0   1557866432.6010382
0   1557866432.6345003
0   1557866432.652082
0   1557866432.6724494
0   1557866432.6966178
0   1557866432.7178216
0   1557866432.7516658
0   1557866432.7703831
0   1557866432.8030236
0   1557866432.8266308
0   1557866432.8466399
0   1557866432.862665
0   1557866432.882356
0   1557866432.9025264
0   1557866432.9242847
0   1557866432.9464846
0   1557866432.9679341
0   1557866432.9929247
0   1557866433.0170934
0   1557866433.0618057
0   1557866433.091931
0   1557866433.1125095
0   1557866433.1495025
0   1557866433.1711109
0   1557866433.1886926
0   1557866433.2079492
0   1557866433.2316296
0   1557866433.2628984
0   1557866433.30887
0   1557866433.3495746
0   1557866433.3721657
0   1557866433.3916388
0   1557866433.4150739
0   1557866433.4347923
0   1557866433.4579813
0   1557866433.479484
0   1557866433.5049484
0   1557866433.5303292
0   1557866433.5517488
0   1557866433.5882916
0   1557866433.613851
0   1557866433.6447985
0   1557866433.6686924
0   1557866433.7002816
0   1557866433.7207215
0   1557866433.7443237
0   1557866433.764315
0   1557866433.78428
0   1557866433.8142288
0   1557866433.8429565
0   1557866433.8606462
-1   1557866434.393638
