0   1557693421.4601915
0   1557693421.5326798
0   1557693421.5980384
0   1557693421.6318843
0   1557693421.6553743
0   1557693421.6801937
0   1557693421.7092333
0   1557693421.7622771
0   1557693421.78777
0   1557693421.8059194
0   1557693421.8207219
0   1557693421.838709
0   1557693421.8662674
0   1557693421.8844848
0   1557693421.9142659
0   1557693421.9347937
0   1557693421.9623575
0   1557693421.986191
0   1557693422.0193553
0   1557693422.0413125
0   1557693422.079129
0   1557693422.1001496
0   1557693422.1263502
0   1557693422.162558
0   1557693422.1883051
0   1557693422.2199912
0   1557693422.2407482
0   1557693422.2652898
0   1557693422.287825
0   1557693422.321087
0   1557693422.3404417
0   1557693422.3706336
0   1557693422.393078
0   1557693422.4166167
0   1557693422.4500902
0   1557693422.4786336
0   1557693422.5122595
0   1557693422.5317082
0   1557693422.5699751
0   1557693422.5886607
0   1557693422.6215374
0   1557693422.647673
0   1557693422.668315
0   1557693422.6942737
0   1557693422.713137
0   1557693422.731728
0   1557693422.758059
0   1557693422.7773733
0   1557693422.7960758
0   1557693422.8185668
0   1557693422.8553696
0   1557693422.8779166
0   1557693422.9017577
0   1557693422.9219851
0   1557693422.9423778
0   1557693422.9776871
0   1557693422.9964423
0   1557693423.023114
0   1557693423.0651016
0   1557693423.102723
0   1557693423.1257052
0   1557693423.1582043
0   1557693423.180264
0   1557693423.210697
0   1557693423.234378
0   1557693423.2546768
0   1557693423.2731133
0   1557693423.2901325
0   1557693423.3090808
0   1557693423.3265054
0   1557693423.3544605
0   1557693423.3723774
0   1557693423.40667
0   1557693423.426744
0   1557693423.4417944
0   1557693423.464507
0   1557693423.4865673
0   1557693423.5120888
0   1557693423.5359557
0   1557693423.572581
0   1557693423.6003182
0   1557693423.6447964
0   1557693423.6726468
0   1557693423.6945956
0   1557693423.7126625
0   1557693423.7343106
0   1557693423.7702987
0   1557693423.8011456
0   1557693423.820058
0   1557693423.8419163
0   1557693423.871412
0   1557693423.8920808
0   1557693423.9236274
0   1557693423.947456
0   1557693423.9648004
0   1557693423.9907165
0   1557693424.0106895
0   1557693424.0336165
0   1557693424.0672536
0   1557693424.0868082
0   1557693424.1102192
0   1557693424.134728
0   1557693424.165114
0   1557693424.18181
0   1557693424.2095175
0   1557693424.2266889
0   1557693424.2606237
0   1557693424.2881668
0   1557693424.3206155
0   1557693424.34256
0   1557693424.367296
0   1557693424.3931882
0   1557693424.4212558
0   1557693424.4411008
0   1557693424.4741929
0   1557693424.496656
0   1557693424.5163827
0   1557693424.533227
0   1557693424.5606172
0   1557693424.586335
0   1557693424.6231816
0   1557693424.6593444
0   1557693424.6892743
0   1557693424.7200994
0   1557693424.7384524
0   1557693424.762755
0   1557693424.7917874
0   1557693424.8101642
0   1557693424.848234
0   1557693424.8665736
0   1557693424.902213
0   1557693424.9216826
