0   1557693776.143699
0   1557693776.214444
0   1557693776.264508
1   1557693776.2979019
1   1557693776.3402827
0   1557693776.3699267
0   1557693776.3944943
-2   1557693776.4374704
-2   1557693776.4620612
-1   1557693776.5079253
2   1557693776.5574746
5   1557693776.6252172
5   1557693776.6487193
4   1557693776.6719885
2   1557693776.6974154
1   1557693776.7184525
-1   1557693776.7405367
-2   1557693776.7636626
-3   1557693776.782521
-2   1557693776.8486288
1   1557693776.8895502
5   1557693776.92644
7   1557693776.96146
8   1557693776.9952786
8   1557693777.012468
7   1557693777.0344658
5   1557693777.057798
3   1557693777.0763714
1   1557693777.106069
-1   1557693777.1266274
-1   1557693777.1481814
-1   1557693777.1816666
3   1557693777.2479403
5   1557693777.28138
5   1557693777.3180213
5   1557693777.3374667
5   1557693777.3593884
4   1557693777.3778112
3   1557693777.3962045
0   1557693777.4162376
-1   1557693777.432531
-3   1557693777.4553752
-4   1557693777.4731705
-4   1557693777.4898536
-4   1557693777.52725
-2   1557693777.5648055
1   1557693777.604192
4   1557693777.6653135
4   1557693777.6844368
4   1557693777.702495
3   1557693777.7205572
1   1557693777.7394958
-1   1557693777.7580376
-2   1557693777.7775033
-3   1557693777.7942698
-4   1557693777.815132
-4   1557693777.842442
-3   1557693777.890663
0   1557693777.9323308
3   1557693777.967311
5   1557693778.0003736
5   1557693778.0382566
4   1557693778.058442
3   1557693778.07848
2   1557693778.09936
0   1557693778.1244214
-1   1557693778.1387985
-2   1557693778.157726
-2   1557693778.1906624
-1   1557693778.222334
1   1557693778.2506833
4   1557693778.2822623
5   1557693778.311798
5   1557693778.3373091
5   1557693778.3559358
4   1557693778.3726757
3   1557693778.392521
0   1557693778.4187152
-1   1557693778.447995
-2   1557693778.465267
-2   1557693778.4916995
-1   1557693778.521304
1   1557693778.5500474
3   1557693778.5794232
5   1557693778.62518
5   1557693778.641538
4   1557693778.661873
4   1557693778.6784701
2   1557693778.6986167
1   1557693778.7193067
0   1557693778.7385647
-3   1557693778.756101
-3   1557693778.7721925
-4   1557693778.7922354
-2   1557693778.8547258
0   1557693778.8843367
3   1557693778.9146714
5   1557693778.944769
5   1557693778.9711227
5   1557693778.9904358
5   1557693779.0076346
3   1557693779.0250704
1   1557693779.0450926
-1   1557693779.063673
-1   1557693779.0801487
-4   1557693779.1061032
-5   1557693779.128608
-5   1557693779.1505685
-4   1557693779.1842704
-2   1557693779.2213264
1   1557693779.2557347
3   1557693779.2814639
3   1557693779.3079178
3   1557693779.3251147
2   1557693779.3432264
1   1557693779.362513
0   1557693779.3799562
0   1557693779.3959239
-3   1557693779.4132118
-4   1557693779.431536
-4   1557693779.4530635
-4   1557693779.481843
-3   1557693779.5146306
