0   1557866296.9525478
0   1557866297.0507443
1   1557866297.0966582
1   1557866297.161719
1   1557866297.190787
0   1557866297.21821
-1   1557866297.2405634
-3   1557866297.2677605
-4   1557866297.2864394
-4   1557866297.3031676
-3   1557866297.348768
1   1557866297.3902023
5   1557866297.431903
6   1557866297.4696832
6   1557866297.4910483
5   1557866297.5143294
4   1557866297.5406697
3   1557866297.5615246
1   1557866297.5818865
-1   1557866297.5997086
-2   1557866297.6218448
-2   1557866297.642266
-1   1557866297.6823702
2   1557866297.720944
5   1557866297.7585201
6   1557866297.790258
6   1557866297.8101244
5   1557866297.834025
4   1557866297.853161
2   1557866297.87386
1   1557866297.893468
0   1557866297.910073
-1   1557866297.942135
0   1557866297.9806116
2   1557866298.0186565
6   1557866298.0720582
6   1557866298.1042995
6   1557866298.1226127
5   1557866298.1442738
4   1557866298.16378
2   1557866298.182026
1   1557866298.1997275
1   1557866298.2181873
-2   1557866298.2378972
-2   1557866298.258363
-1   1557866298.3045878
1   1557866298.3501031
2   1557866298.3841968
3   1557866298.4085994
2   1557866298.4283354
2   1557866298.4451396
1   1557866298.4650733
-1   1557866298.4822142
-1   1557866298.5007992
-2   1557866298.5201573
-2   1557866298.5409534
-2   1557866298.5737424
0   1557866298.6097887
1   1557866298.6465735
3   1557866298.6770022
3   1557866298.6980138
2   1557866298.7190697
1   1557866298.7519712
0   1557866298.7706463
-1   1557866298.787883
-2   1557866298.804768
-2   1557866298.8299193
-2   1557866298.8564339
-1   1557866298.884825
1   1557866298.9169903
3   1557866298.9520786
4   1557866298.9782052
4   1557866298.9948065
3   1557866299.0168467
2   1557866299.0346646
1   1557866299.0504136
-1   1557866299.0698533
-2   1557866299.0889282
-3   1557866299.104676
-3   1557866299.1266625
-2   1557866299.1690214
0   1557866299.2019117
2   1557866299.2331455
3   1557866299.263894
3   1557866299.2908661
3   1557866299.3106596
3   1557866299.3280597
1   1557866299.3478694
0   1557866299.3649623
-2   1557866299.3829203
-2   1557866299.3999393
-4   1557866299.4200256
-5   1557866299.4397335
-5   1557866299.455148
-5   1557866299.483037
-3   1557866299.514794
0   1557866299.5540285
2   1557866299.5878346
3   1557866299.6201942
3   1557866299.638642
3   1557866299.6569276
2   1557866299.6764185
2   1557866299.6910186
0   1557866299.7103395
-2   1557866299.7302237
-2   1557866299.7481217
-4   1557866299.7665074
-4   1557866299.7901192
-4   1557866299.8229373
-2   1557866299.8550248
0   1557866299.884056
2   1557866299.9189079
3   1557866299.9637992
3   1557866299.9822311
2   1557866299.9995732
1   1557866300.0165718
-1   1557866300.0395446
-2   1557866300.054895
-4   1557866300.0710714
-5   1557866300.088786
-5   1557866300.1085975
-5   1557866300.149689
-2   1557866300.1910288
5   1557866300.740536
