0   1557693193.3468113
0   1557693193.481936
0   1557693193.539356
0   1557693193.6003041
1   1557693193.627636
1   1557693193.6552076
0   1557693193.6980972
-1   1557693193.7200432
-2   1557693193.7466593
-3   1557693193.7663453
-4   1557693193.7883878
-3   1557693193.830624
2   1557693193.89936
5   1557693193.940089
5   1557693193.9705071
5   1557693193.9931345
4   1557693194.0161552
3   1557693194.0357525
1   1557693194.0580478
0   1557693194.0785346
-1   1557693194.0966172
-2   1557693194.1165783
-1   1557693194.1502612
1   1557693194.1998177
3   1557693194.2313163
5   1557693194.288078
5   1557693194.3101134
4   1557693194.3318129
2   1557693194.357867
1   1557693194.3786967
0   1557693194.397465
-2   1557693194.4170675
-2   1557693194.4363286
-2   1557693194.4714754
-1   1557693194.507975
1   1557693194.5412529
3   1557693194.5724049
3   1557693194.5965781
3   1557693194.6175137
2   1557693194.6364028
1   1557693194.6526427
-2   1557693194.690663
-4   1557693194.7101667
-4   1557693194.72833
-5   1557693194.7522905
-3   1557693194.7913747
-1   1557693194.8278203
1   1557693194.8611581
3   1557693194.9015214
3   1557693194.9202533
3   1557693194.9413908
2   1557693194.9605117
1   1557693194.9802384
-1   1557693195.000713
-2   1557693195.0199978
-3   1557693195.038377
-4   1557693195.0565257
-3   1557693195.1094398
-1   1557693195.1471593
1   1557693195.175337
3   1557693195.2087784
3   1557693195.232615
3   1557693195.250487
3   1557693195.2682223
2   1557693195.2878244
0   1557693195.3082554
0   1557693195.3242464
-2   1557693195.3413057
-3   1557693195.367124
-3   1557693195.3836179
-4   1557693195.415813
-2   1557693195.4680536
2   1557693195.5206401
6   1557693195.559144
7   1557693195.5904963
7   1557693195.6166599
7   1557693195.6336997
6   1557693195.6524127
5   1557693195.668386
3   1557693195.6926343
1   1557693195.7105048
0   1557693195.7282183
-1   1557693195.7487838
-1   1557693195.776346
1   1557693195.8098202
3   1557693195.8479657
6   1557693195.908194
6   1557693195.9273376
5   1557693195.9474938
4   1557693195.965822
3   1557693195.9827456
1   1557693196.0020657
0   1557693196.0219367
-1   1557693196.0419133
-1   1557693196.0667934
0   1557693196.1018689
2   1557693196.134668
3   1557693196.1686049
4   1557693196.1993575
4   1557693196.2204585
3   1557693196.238329
2   1557693196.259432
0   1557693196.2932076
-2   1557693196.3107672
-2   1557693196.3342874
-2   1557693196.3727431
-1   1557693196.4074154
1   1557693196.4381814
1   1557693196.4692988
1   1557693196.487399
1   1557693196.5057135
0   1557693196.5227306
-1   1557693196.5441942
-3   1557693196.564811
-4   1557693196.5825016
-5   1557693196.600276
-5   1557693196.6178854
-5   1557693196.6463473
-2   1557693196.7231884
0   1557693196.7547693
