0   1557693306.4580626
0   1557693306.5427935
1   1557693306.637388
1   1557693306.6653554
1   1557693306.6892622
1   1557693306.7246656
0   1557693306.7502856
0   1557693306.778643
-1   1557693306.805194
-1   1557693306.8275123
-2   1557693306.851414
-2   1557693306.8745103
-2   1557693306.9194896
0   1557693306.9674587
3   1557693307.0422046
4   1557693307.0974686
4   1557693307.1273315
4   1557693307.1482239
3   1557693307.1721663
2   1557693307.1965625
0   1557693307.2172098
-1   1557693307.2362947
-3   1557693307.259687
-5   1557693307.2804852
-6   1557693307.3004482
-8   1557693307.322266
-8   1557693307.3447685
-7   1557693307.3885648
-3   1557693307.4477859
2   1557693307.4974523
7   1557693307.5350957
11   1557693307.5718307
13   1557693307.610262
13   1557693307.6345313
12   1557693307.6586359
11   1557693307.6759613
9   1557693307.6974592
7   1557693307.7163463
5   1557693307.7372284
3   1557693307.7600627
0   1557693307.7864056
-5   1557693307.826434
-9   1557693307.847518
-11   1557693307.8665237
-13   1557693307.8845267
-14   1557693307.9026232
-15   1557693307.9199574
-15   1557693307.9497957
-12   1557693307.9863977
-10   1557693308.016737
-7   1557693308.0465565
-2   1557693308.0882685
2   1557693308.116751
5   1557693308.1492393
9   1557693308.1825845
11   1557693308.2361965
11   1557693308.256097
11   1557693308.2701848
9   1557693308.289787
7   1557693308.3079965
6   1557693308.3252673
4   1557693308.342225
2   1557693308.362192
0   1557693308.3792799
-3   1557693308.3976893
-5   1557693308.4142783
-5   1557693308.4318092
-10   1557693308.4527597
-10   1557693308.4703932
-12   1557693308.487249
-12   1557693308.5167978
-11   1557693308.5548012
-7   1557693308.59786
-1   1557693308.6527731
2   1557693308.6823547
5   1557693308.707808
9   1557693308.738095
12   1557693308.7662342
13   1557693308.7976134
13   1557693308.816313
13   1557693308.8315282
11   1557693308.8492393
11   1557693308.868516
11   1557693308.8852456
7   1557693308.9046178
6   1557693308.9218924
4   1557693308.939868
1   1557693308.95932
1   1557693308.977584
1   1557693308.9942226
-4   1557693309.0162554
-6   1557693309.0326273
-10   1557693309.052614
-10   1557693309.0747726
-10   1557693309.0901036
-13   1557693309.1091955
-13   1557693309.130234
-12   1557693309.1627307
-10   1557693309.192026
-7   1557693309.2237537
-4   1557693309.2519343
-1   1557693309.279156
3   1557693309.3094673
6   1557693309.3400369
9   1557693309.3694007
11   1557693309.3982768
10   1557693309.4342697
10   1557693309.4504519
9   1557693309.4700723
6   1557693309.4887815
4   1557693309.5107708
2   1557693309.5299325
0   1557693309.546105
-2   1557693309.564433
-2   1557693309.5846972
-2   1557693309.6019886
-9   1557693309.6192186
-11   1557693309.6375737
-12   1557693309.6571405
-12   1557693309.6766753
-12   1557693309.7087505
-11   1557693309.7403347
-9   1557693309.7719145
