0   1556977745.0171149
0   1556977745.0476263
0   1556977745.0676482
0   1556977745.097869
-1   1556977745.122418
-2   1556977745.1411717
-4   1556977745.1623273
-6   1556977745.1811168
-7   1556977745.1943986
-10   1556977745.2131763
-12   1556977745.2281528
-15   1556977745.248139
-17   1556977745.2652862
-19   1556977745.2822042
-22   1556977745.297536
-24   1556977745.314181
-24   1556977745.3277647
-27   1556977745.3449779
-30   1556977745.3643699
-31   1556977745.3840225
-38   1556977745.4257894
-40   1556977745.4435854
-44   1556977745.4724545
-44   1556977745.486011
-47   1556977745.5013487
-49   1556977745.5218003
-49   1556977745.535295
-49   1556977745.5496538
-49   1556977745.5644476
-49   1556977745.578522
-56   1556977745.5953765
-58   1556977745.6133668
-59   1556977745.6275125
-60   1556977745.6439729
-61   1556977745.658238
-62   1556977745.6760333
-64   1556977745.693067
-65   1556977745.7089648
-66   1556977745.7312684
-66   1556977745.745083
-68   1556977745.7626083
-69   1556977745.778114
-70   1556977745.794095
-71   1556977745.8158548
-72   1556977745.8339267
-72   1556977745.8484597
-72   1556977745.8632562
-73   1556977745.8800368
-74   1556977745.8950791
-75   1556977745.9111357
-75   1556977745.9282022
-76   1556977745.9451017
-76   1556977745.9617915
-77   1556977745.9776387
-77   1556977745.9923482
-78   1556977746.007188
-78   1556977746.0240264
-79   1556977746.0385952
-79   1556977746.0540338
-79   1556977746.069576
-79   1556977746.0836272
-80   1556977746.1009953
-81   1556977746.1237164
-81   1556977746.13813
-81   1556977746.1526616
-83   1556977746.193588
-83   1556977746.2159712
-83   1556977746.2353678
-84   1556977746.252579
-84   1556977746.266009
-84   1556977746.2831643
-84   1556977746.2971547
-84   1556977746.3131359
-85   1556977746.3285847
-85   1556977746.3434765
-85   1556977746.3585036
-85   1556977746.3730547
-86   1556977746.387918
-86   1556977746.4033191
-86   1556977746.4180818
-86   1556977746.4372344
-86   1556977746.453894
-86   1556977746.468221
-87   1556977746.4891124
-87   1556977746.5040421
-87   1556977746.519074
-87   1556977746.5353906
-87   1556977746.551826
-87   1556977746.565669
-87   1556977746.5802093
-87   1556977746.5970004
-88   1556977746.6164417
-88   1556977746.633724
-88   1556977746.6475234
-88   1556977746.6629596
-88   1556977746.6771495
-88   1556977746.698607
-88   1556977746.7146528
-88   1556977746.7413607
-88   1556977746.7571082
-88   1556977746.7730463
-89   1556977746.7885454
-89   1556977746.8040664
-89   1556977746.818213
-89   1556977746.833832
-89   1556977746.8502545
-89   1556977746.8637722
-89   1556977746.8773196
-89   1556977746.8929539
-89   1556977746.9076018
-89   1556977746.9245486
-89   1556977746.9413178
-89   1556977746.9560075
-89   1556977746.9722278
-89   1556977746.9862547
-89   1556977747.0060723
-89   1556977747.0234141
-89   1556977747.0413013
-89   1556977747.0564523
-89   1556977747.0710454
-89   1556977747.0850692
-89   1556977747.1003757
-90   1556977747.1164198
