0   90   1556978319.1153567
0   90   1556978319.1813846
0   90   1556978319.2186236
2   88   1556978319.2961946
5   85   1556978319.3444762
10   80   1556978319.3842506
14   76   1556978319.4159038
16   74   1556978319.4337072
20   70   1556978319.476201
27   63   1556978319.5160906
29   61   1556978319.533244
30   60   1556978319.5476413
32   58   1556978319.5644047
32   58   1556978319.580301
32   58   1556978319.5939252
37   53   1556978319.608242
40   50   1556978319.6264732
42   48   1556978319.6440504
44   46   1556978319.664025
47   43   1556978319.6814532
47   43   1556978319.6953084
50   40   1556978319.712607
51   39   1556978319.729657
54   36   1556978319.7466474
55   35   1556978319.764246
58   32   1556978319.7925246
59   31   1556978319.8073065
60   30   1556978319.8251998
61   29   1556978319.8425152
62   28   1556978319.8575828
64   26   1556978319.8784702
64   26   1556978319.8936627
64   26   1556978319.9073412
66   24   1556978319.9252155
67   23   1556978319.942685
68   22   1556978319.9574962
68   22   1556978319.973422
69   21   1556978319.9889872
70   20   1556978320.0059173
71   19   1556978320.0231783
72   18   1556978320.0403612
73   17   1556978320.057155
73   17   1556978320.0736556
74   16   1556978320.087571
74   16   1556978320.1034572
75   15   1556978320.1190543
76   14   1556978320.136699
76   14   1556978320.1522717
77   13   1556978320.1756694
77   13   1556978320.190592
77   13   1556978320.204134
78   12   1556978320.2201934
78   12   1556978320.2358372
79   11   1556978320.251849
80   10   1556978320.273557
80   10   1556978320.2945373
80   10   1556978320.3101928
81   9   1556978320.3296769
81   9   1556978320.343969
82   8   1556978320.3590064
82   8   1556978320.3759964
82   8   1556978320.3913562
83   7   1556978320.406184
83   7   1556978320.421954
83   7   1556978320.436157
83   7   1556978320.4542634
83   7   1556978320.4679525
84   6   1556978320.485236
84   6   1556978320.4990065
84   6   1556978320.51394
84   6   1556978320.5274901
84   6   1556978320.5441525
84   6   1556978320.5579712
84   6   1556978320.5724065
84   6   1556978320.5869303
84   6   1556978320.6018226
86   4   1556978320.6160977
86   4   1556978320.6304567
86   4   1556978320.645319
86   4   1556978320.6602492
86   4   1556978320.6779642
87   3   1556978320.6939862
87   3   1556978320.7102447
87   3   1556978320.7274165
87   3   1556978320.7433763
87   3   1556978320.7586918
88   2   1556978320.7750561
88   2   1556978320.792274
88   2   1556978320.8064775
88   2   1556978320.8240433
88   2   1556978320.8403049
88   2   1556978320.854041
88   2   1556978320.8681555
88   2   1556978320.8842845
88   2   1556978320.9005232
88   2   1556978320.915118
88   2   1556978320.9286478
88   2   1556978320.9449847
88   2   1556978320.9590797
88   2   1556978320.9738464
88   2   1556978320.9874015
88   2   1556978321.0034347
88   2   1556978321.0190194
88   2   1556978321.0341818
89   1   1556978321.0506597
89   1   1556978321.0644104
89   1   1556978321.0885782
89   1   1556978321.1051097
90   0   1556978321.120128
90   0   1556978321.1350787
90   0   1556978321.1505945
90   0   1556978321.1650095
90   0   1556978321.1812181
90   0   1556978321.1963658
90   0   1556978321.2114227
90   0   1556978321.224678
90   0   1556978321.2386134
90   0   1556978321.2543359
