0   90   1556978220.0682018
0   90   1556978220.134432
0   90   1556978220.163776
0   90   1556978220.1906538
0   90   1556978220.222088
2   88   1556978220.2431965
3   87   1556978220.264283
5   85   1556978220.2831156
7   83   1556978220.300536
10   80   1556978220.3213446
11   79   1556978220.337611
14   76   1556978220.3556418
17   73   1556978220.3764727
18   72   1556978220.3913386
22   68   1556978220.4079747
24   66   1556978220.4246418
26   64   1556978220.4409842
27   63   1556978220.456997
29   61   1556978220.4730372
31   59   1556978220.4872916
31   59   1556978220.501967
35   55   1556978220.517861
37   53   1556978220.5340822
37   53   1556978220.5480366
40   50   1556978220.5646122
43   47   1556978220.581333
45   45   1556978220.597353
47   43   1556978220.6141856
48   42   1556978220.6311176
50   40   1556978220.648428
52   38   1556978220.6672997
54   36   1556978220.68328
55   35   1556978220.6990285
57   33   1556978220.7181463
58   32   1556978220.733825
59   31   1556978220.7503757
60   30   1556978220.767784
61   29   1556978220.787149
62   28   1556978220.8041
63   27   1556978220.8202004
64   26   1556978220.8345218
65   25   1556978220.8502862
66   24   1556978220.868457
67   23   1556978220.8851435
67   23   1556978220.8986862
69   21   1556978220.9162028
69   21   1556978220.9332774
70   20   1556978220.947894
70   20   1556978220.964619
72   18   1556978220.983067
72   18   1556978220.9980586
73   17   1556978221.0161865
74   16   1556978221.0322993
74   16   1556978221.0472422
74   16   1556978221.0622287
75   15   1556978221.0779326
76   14   1556978221.0937898
76   14   1556978221.1089869
76   14   1556978221.1246593
77   13   1556978221.1414347
77   13   1556978221.1558974
78   12   1556978221.1723452
78   12   1556978221.19132
79   11   1556978221.2104928
80   10   1556978221.227392
80   10   1556978221.2462776
80   10   1556978221.2639678
81   9   1556978221.2833033
81   9   1556978221.2984667
82   8   1556978221.316039
82   8   1556978221.335305
82   8   1556978221.3509612
82   8   1556978221.3660808
83   7   1556978221.3823771
83   7   1556978221.3975346
83   7   1556978221.415093
83   7   1556978221.4315007
83   7   1556978221.4457512
84   6   1556978221.4604132
84   6   1556978221.4775975
84   6   1556978221.4921687
84   6   1556978221.5059547
85   5   1556978221.5224853
85   5   1556978221.5389688
85   5   1556978221.5605185
85   5   1556978221.5837095
86   4   1556978221.6023836
86   4   1556978221.6333144
86   4   1556978221.6521342
86   4   1556978221.6670222
86   4   1556978221.6871612
86   4   1556978221.706455
87   3   1556978221.728073
87   3   1556978221.7444367
87   3   1556978221.759637
87   3   1556978221.7759948
87   3   1556978221.792665
87   3   1556978221.8080306
87   3   1556978221.8306472
87   3   1556978221.8469357
87   3   1556978221.8624732
87   3   1556978221.87748
87   3   1556978221.895131
87   3   1556978221.9101908
88   2   1556978221.9253843
88   2   1556978221.942992
88   2   1556978221.9634805
88   2   1556978221.9835951
88   2   1556978221.9976087
88   2   1556978222.0185928
88   2   1556978222.03441
88   2   1556978222.0500844
88   2   1556978222.0639744
88   2   1556978222.080357
88   2   1556978222.0952554
88   2   1556978222.1121447
88   2   1556978222.130255
88   2   1556978222.1457999
88   2   1556978222.1663308
88   2   1556978222.1819017
88   2   1556978222.1971653
88   2   1556978222.2136154
88   2   1556978222.2281017
88   2   1556978222.2522552
88   2   1556978222.2663128
88   2   1556978222.2864523
89   1   1556978222.302655
89   1   1556978222.3179364
89   1   1556978222.333524
89   1   1556978222.3500855
89   1   1556978222.3653443
90   0   1556978222.3876445
90   0   1556978222.4039104
90   0   1556978222.420121
90   0   1556978222.4343638
90   0   1556978222.4501863
90   0   1556978222.463938
90   0   1556978222.477591
90   0   1556978222.4935298
90   0   1556978222.507264
90   0   1556978222.5224674
