0   1556977584.9061017
0   1556977584.928575
0   1556977584.9585285
-1   1556977585.0045717
-2   1556977585.0273006
-3   1556977585.0482185
-5   1556977585.0674918
-8   1556977585.0882664
-12   1556977585.123868
-14   1556977585.1411502
-18   1556977585.173606
-21   1556977585.1881845
-24   1556977585.2140434
-26   1556977585.234271
-29   1556977585.2560382
-31   1556977585.271419
-32   1556977585.2861292
-35   1556977585.3033106
-37   1556977585.317391
-38   1556977585.3337626
-38   1556977585.3535497
-44   1556977585.3684056
-45   1556977585.384125
-47   1556977585.4025674
-49   1556977585.4171612
-51   1556977585.433174
-51   1556977585.4482348
-54   1556977585.466006
-55   1556977585.4824
-55   1556977585.4969277
-58   1556977585.51364
-58   1556977585.527388
-60   1556977585.5438776
-61   1556977585.5617762
-62   1556977585.5770504
-63   1556977585.5933383
-65   1556977585.6125767
-65   1556977585.6291826
-66   1556977585.64402
-67   1556977585.660351
-67   1556977585.6744504
-68   1556977585.6896615
-69   1556977585.7055612
-70   1556977585.7226799
-71   1556977585.736434
-72   1556977585.757625
-72   1556977585.774458
-73   1556977585.790512
-74   1556977585.8057961
-74   1556977585.822373
-75   1556977585.840331
-75   1556977585.8539474
-76   1556977585.8691604
-76   1556977585.8843408
-77   1556977585.900516
-77   1556977585.9179738
-77   1556977585.9325013
-77   1556977585.9457953
-79   1556977585.962374
-79   1556977585.9775817
-79   1556977585.995021
-80   1556977586.0159628
-80   1556977586.0415273
-81   1556977586.056027
-81   1556977586.0734062
-81   1556977586.0889835
-82   1556977586.1046424
-82   1556977586.1258576
-82   1556977586.141491
-82   1556977586.167259
-82   1556977586.181375
-83   1556977586.1959772
-83   1556977586.2123702
-83   1556977586.2285655
-84   1556977586.2436836
-84   1556977586.2572517
-84   1556977586.2735014
-84   1556977586.2896364
-85   1556977586.3036122
-85   1556977586.3184218
-85   1556977586.3375764
-85   1556977586.353358
-85   1556977586.3712637
-85   1556977586.3873222
-86   1556977586.402154
-86   1556977586.4159234
-86   1556977586.4334748
-86   1556977586.4509635
-86   1556977586.4665189
-86   1556977586.4839463
-86   1556977586.497822
-86   1556977586.513573
-86   1556977586.5302756
-86   1556977586.555289
-87   1556977586.5725532
-87   1556977586.5912387
-87   1556977586.6072633
-87   1556977586.6244466
-87   1556977586.6386743
-87   1556977586.6535997
-87   1556977586.6664534
-87   1556977586.6818714
-88   1556977586.6961985
-88   1556977586.7132425
-88   1556977586.7297149
-88   1556977586.744428
-88   1556977586.7580602
-88   1556977586.772292
-88   1556977586.7861488
-88   1556977586.8002987
-88   1556977586.814101
-88   1556977586.8281522
-88   1556977586.8431635
-88   1556977586.8563526
-88   1556977586.8702905
-88   1556977586.884357
-88   1556977586.8977988
-88   1556977586.9125547
-88   1556977586.9256146
-88   1556977586.9449751
-88   1556977586.9641616
-88   1556977586.9814246
-88   1556977586.9978764
-88   1556977587.013044
-88   1556977587.0323255
-88   1556977587.0590422
-89   1556977587.0744534
-89   1556977587.091225
-89   1556977587.1072657
-89   1556977587.122647
-89   1556977587.1380558
-89   1556977587.1569858
-89   1556977587.1751301
-89   1556977587.1900363
-89   1556977587.204159
-89   1556977587.2186522
-89   1556977587.2336774
-89   1556977587.2484486
-89   1556977587.2638419
-89   1556977587.2813966
-89   1556977587.300386
-89   1556977587.3182175
-89   1556977587.3383887
-89   1556977587.360539
-89   1556977587.3740764
-89   1556977587.3884149
-89   1556977587.4026482
-89   1556977587.4162986
-89   1556977587.430207
-89   1556977587.444452
-89   1556977587.4586825
-89   1556977587.4727101
-89   1556977587.4858127
-89   1556977587.5005095
-89   1556977587.5153098
-89   1556977587.5321608
-89   1556977587.5539367
-89   1556977587.5706627
-89   1556977587.583977
-89   1556977587.59827
-89   1556977587.613217
-89   1556977587.6270363
-89   1556977587.6422803
-89   1556977587.6560004
-89   1556977587.6729884
-89   1556977587.6862168
-89   1556977587.7017913
-90   1556977587.7155697
